stk.v.8.0

BEGIN Ephemeris

NumberofEphemerisPoints	1200
ScenarioEpoch			20 Oct 2014 13:21:15.0000
InterpolationMethod		Lagrange
InterpolationOrder		5
DistanceUnit				Meters
CentralBody				Target
CoordinateSystem		CW
CoordianteSystemEpoch	20 Oct 2014 13:21:15.0000

EphemerisTimePosVel

6.000000	-0.000000	-0.000000	-0.000000	-0.014979	-0.000459	-0.014803
33.017515	-0.406785	-0.000398	-0.401643	-0.015000	0.000430	-0.014797
60.035029	-0.813952	0.023357	-0.802932	-0.015008	0.001321	-0.014777
87.052544	-1.221142	0.071279	-1.203515	-0.015002	0.002211	-0.014745
114.070058	-1.627996	0.143357	-1.603038	-0.014983	0.003101	-0.014699
141.087573	-2.034157	0.239562	-2.001149	-0.014951	0.003989	-0.014641
168.105088	-2.439267	0.359841	-2.397499	-0.014905	0.004875	-0.014569
195.122602	-2.842969	0.504122	-2.791738	-0.014847	0.005758	-0.014485
222.140117	-3.244908	0.672310	-3.183519	-0.014775	0.006637	-0.014388
249.157631	-3.644729	0.864290	-3.572497	-0.014691	0.007512	-0.014279
276.175146	-4.042082	1.079926	-3.958330	-0.014593	0.008381	-0.014157
303.192661	-4.436615	1.319062	-4.340678	-0.014483	0.009243	-0.014022
330.210175	-4.827983	1.581519	-4.719205	-0.014360	0.010099	-0.013875
357.227690	-5.215839	1.867099	-5.093576	-0.014224	0.010948	-0.013716
384.245204	-5.599843	2.175585	-5.463463	-0.014076	0.011787	-0.013544
411.262719	-5.979657	2.506736	-5.828541	-0.013916	0.012618	-0.013361
438.280234	-6.354946	2.860296	-6.188486	-0.013743	0.013439	-0.013166
465.297748	-6.725379	3.235985	-6.542983	-0.013558	0.014249	-0.012960
492.315263	-7.090632	3.633505	-6.891720	-0.013361	0.015048	-0.012742
519.332777	-7.450381	4.052539	-7.234389	-0.013152	0.015835	-0.012512
546.350292	-7.804311	4.492752	-7.570689	-0.012932	0.016609	-0.012272
573.367807	-8.152109	4.953789	-7.900323	-0.012700	0.017369	-0.012021
600.385321	-8.493470	5.435277	-8.223002	-0.012457	0.018116	-0.011760
627.402836	-8.828094	5.936824	-8.538442	-0.012204	0.018848	-0.011488
654.420350	-9.155684	6.458023	-8.846364	-0.011939	0.019564	-0.011206
681.437865	-9.475953	6.998447	-9.146497	-0.011664	0.020265	-0.010914
708.455379	-9.788620	7.557653	-9.438578	-0.011379	0.020948	-0.010612
735.472894	-10.093408	8.135182	-9.722350	-0.011084	0.021615	-0.010301
762.490409	-10.390050	8.730558	-9.997561	-0.010778	0.022264	-0.009981
789.507923	-10.678284	9.343291	-10.263970	-0.010464	0.022894	-0.009653
816.525438	-10.957856	9.972873	-10.521343	-0.010140	0.023505	-0.009315
843.542952	-11.228521	10.618784	-10.769453	-0.009807	0.024097	-0.008970
870.560467	-11.490039	11.280487	-11.008082	-0.009466	0.024669	-0.008617
897.577982	-11.742182	11.957433	-11.237018	-0.009116	0.025221	-0.008256
924.595496	-11.984726	12.649059	-11.456062	-0.008759	0.025751	-0.007887
951.613011	-12.217459	13.354789	-11.665019	-0.008393	0.026260	-0.007512
978.630525	-12.440175	14.074034	-11.863707	-0.008021	0.026747	-0.007131
1005.648040	-12.652678	14.806194	-12.051949	-0.007641	0.027212	-0.006743
1032.665555	-12.854781	15.550658	-12.229581	-0.007254	0.027654	-0.006349
1059.683069	-13.046307	16.306803	-12.396446	-0.006861	0.028073	-0.005949
1086.700584	-13.227086	17.073995	-12.552397	-0.006462	0.028468	-0.005544
1113.718098	-13.396960	17.851594	-12.697297	-0.006057	0.028840	-0.005135
1140.735613	-13.555779	18.638946	-12.831017	-0.005647	0.029187	-0.004720
1167.753128	-13.703403	19.435392	-12.953442	-0.005232	0.029510	-0.004302
1194.770642	-13.839702	20.240264	-13.064461	-0.004813	0.029808	-0.003880
1221.788157	-13.964556	21.052885	-13.163979	-0.004389	0.030081	-0.003454
1248.805671	-14.077855	21.872573	-13.251907	-0.003961	0.030329	-0.003026
1275.823186	-14.179500	22.698640	-13.328168	-0.003530	0.030551	-0.002595
1302.840701	-14.269401	23.530391	-13.392695	-0.003096	0.030748	-0.002161
1329.858215	-14.347478	24.367127	-13.445430	-0.002659	0.030919	-0.001726
1356.875730	-14.413664	25.208143	-13.486328	-0.002219	0.031063	-0.001289
1383.893244	-14.467899	26.052733	-13.515353	-0.001778	0.031182	-0.000850
1410.910759	-14.510137	26.900186	-13.532479	-0.001335	0.031274	-0.000412
1437.928274	-14.540339	27.749789	-13.537690	-0.000891	0.031340	0.000028
1464.945788	-14.558480	28.600826	-13.530983	-0.000446	0.031380	0.000467
1491.963303	-14.564543	29.452582	-13.512362	-0.000001	0.031393	0.000906
1518.980817	-14.558523	30.304338	-13.481846	0.000444	0.031380	0.001344
1545.998332	-14.540425	31.155379	-13.439460	0.000889	0.031341	0.001780
1573.015847	-14.510265	32.004988	-13.385241	0.001333	0.031275	0.002216
1600.033361	-14.468070	32.852450	-13.319238	0.001776	0.031182	0.002649
1627.050876	-14.413877	33.697052	-13.241509	0.002218	0.031064	0.003080
1654.068390	-14.347734	34.538083	-13.152122	0.002657	0.030919	0.003508
1681.085905	-14.269698	35.374835	-13.051155	0.003094	0.030748	0.003933
1708.103420	-14.179840	36.206604	-12.938698	0.003528	0.030552	0.004355
1735.120934	-14.078236	37.032693	-12.814850	0.003960	0.030330	0.004773
1762.138449	-13.964978	37.852405	-12.679719	0.004387	0.030082	0.005186
1789.155963	-13.840165	38.665052	-12.533425	0.004811	0.029809	0.005595
1816.173478	-13.703906	39.469952	-12.376097	0.005231	0.029511	0.006000
1843.190992	-13.556322	40.266430	-12.207872	0.005646	0.029188	0.006398
1870.208507	-13.397543	41.053815	-12.028900	0.006056	0.028841	0.006792
1897.226022	-13.227708	41.831449	-11.839337	0.006461	0.028470	0.007179
1924.243536	-13.046967	42.598680	-11.639350	0.006860	0.028074	0.007560
1951.261051	-12.855479	43.354865	-11.429116	0.007253	0.027656	0.007934
1978.278565	-12.653413	44.099371	-11.208820	0.007639	0.027214	0.008301
2005.296080	-12.440946	44.831576	-10.978656	0.008019	0.026749	0.008661
2032.313595	-12.218266	45.550868	-10.738826	0.008392	0.026262	0.009014
2059.331109	-11.985569	46.256647	-10.489541	0.008757	0.025753	0.009358
2086.348624	-11.743059	46.948324	-10.231021	0.009115	0.025223	0.009694
2113.366138	-11.490950	47.625323	-9.963493	0.009465	0.024671	0.010022
2140.383653	-11.229464	48.287081	-9.687194	0.009806	0.024099	0.010341
2167.401168	-10.958832	48.933049	-9.402366	0.010139	0.023508	0.010651
2194.418682	-10.679290	49.562690	-9.109260	0.010463	0.022896	0.010951
2221.436197	-10.391087	50.175483	-8.808134	0.010777	0.022266	0.011242
2248.453711	-10.094475	50.770922	-8.499253	0.011082	0.021617	0.011522
2275.471226	-9.789715	51.348516	-8.182890	0.011378	0.020951	0.011793
2302.488741	-9.477076	51.907788	-7.859322	0.011663	0.020267	0.012053
2329.506255	-9.156833	52.448279	-7.528835	0.011938	0.019567	0.012303
2356.523770	-8.829268	52.969546	-7.191719	0.012203	0.018850	0.012542
2383.541284	-8.494669	53.471164	-6.848272	0.012457	0.018118	0.012770
2410.558799	-8.153331	53.952724	-6.498795	0.012699	0.017372	0.012986
2437.576314	-7.805555	54.413834	-6.143597	0.012931	0.016611	0.013191
2464.593828	-7.451647	54.854121	-5.782990	0.013151	0.015837	0.013385
2491.611343	-7.091917	55.273231	-5.417291	0.013360	0.015051	0.013567
2518.628857	-6.726684	55.670828	-5.046823	0.013557	0.014252	0.013736
2545.646372	-6.356268	56.046595	-4.671912	0.013742	0.013442	0.013894
2572.663887	-5.980996	56.400234	-4.292887	0.013915	0.012621	0.014039
2599.681401	-5.601198	56.731465	-3.910083	0.014076	0.011790	0.014173
2626.698916	-5.217208	57.040031	-3.523837	0.014224	0.010951	0.014293
2653.716430	-4.829364	57.325694	-3.134488	0.014360	0.010102	0.014401
2680.733945	-4.438009	57.588233	-2.742379	0.014483	0.009247	0.014497
2707.751460	-4.043486	57.827452	-2.347856	0.014593	0.008384	0.014579
2734.768974	-3.646143	58.043172	-1.951266	0.014691	0.007515	0.014649
2761.786489	-3.246329	58.235236	-1.552958	0.014775	0.006640	0.014706
2788.804003	-2.844397	58.403508	-1.153283	0.014847	0.005761	0.014750
2815.821518	-2.440701	58.547874	-0.752593	0.014905	0.004878	0.014781
2842.839033	-2.035596	58.668238	-0.351239	0.014951	0.003992	0.014799
2869.856547	-1.629438	58.764528	0.050423	0.014983	0.003104	0.014803
2896.874062	-1.222585	58.836692	0.452041	0.015002	0.002214	0.014795
2923.891576	-0.815396	58.884700	0.853261	0.015008	0.001324	0.014774
2950.909091	-0.408229	58.908541	1.253730	0.015000	0.000433	0.014740
2977.926606	-0.001442	58.908228	1.653095	0.014979	-0.000456	0.014693
3004.944120	0.404607	58.883795	2.051004	0.014946	-0.001344	0.014633
3031.961635	0.809560	58.835295	2.447108	0.014899	-0.002230	0.014560
3058.979149	1.213060	58.762804	2.841058	0.014839	-0.003112	0.014474
3085.996664	1.614752	58.666419	3.232506	0.014765	-0.003991	0.014375
3113.014178	2.014283	58.546258	3.621108	0.014679	-0.004865	0.014264
3140.031693	2.411301	58.402459	4.006522	0.014580	-0.005733	0.014140
3167.049208	2.805456	58.235182	4.388409	0.014468	-0.006595	0.014004
3194.066722	3.196402	58.044607	4.766432	0.014344	-0.007450	0.013856
3221.084237	3.583793	57.830935	5.140259	0.014206	-0.008297	0.013695
3248.101751	3.967290	57.594387	5.509560	0.014057	-0.009136	0.013522
3275.119266	4.346554	57.335204	5.874010	0.013895	-0.009965	0.013337
3302.136781	4.721251	57.053648	6.233289	0.013720	-0.010785	0.013141
3329.154295	5.091052	56.749998	6.587080	0.013534	-0.011594	0.012933
3356.171810	5.455631	56.424556	6.935072	0.013335	-0.012391	0.012714
3383.189324	5.814668	56.077640	7.276958	0.013125	-0.013176	0.012483
3410.206839	6.167845	55.709590	7.612437	0.012903	-0.013948	0.012241
3437.224354	6.514852	55.320761	7.941215	0.012670	-0.014707	0.011989
3464.241868	6.855384	54.911530	8.263000	0.012426	-0.015452	0.011726
3491.259383	7.189140	54.482289	8.577511	0.012171	-0.016182	0.011453
3518.276897	7.515827	54.033450	8.884471	0.011905	-0.016897	0.011170
3545.294412	7.835158	53.565440	9.183608	0.011629	-0.017595	0.010876
3572.311927	8.146850	53.078705	9.474660	0.011342	-0.018277	0.010574
3599.329441	8.450630	52.573705	9.757370	0.011046	-0.018941	0.010262
3626.346956	8.746231	52.050919	10.031490	0.010740	-0.019587	0.009941
3653.364470	9.033391	51.510839	10.296778	0.010424	-0.020215	0.009611
3680.381985	9.311859	50.953975	10.553000	0.010099	-0.020824	0.009272
3707.399500	9.581388	50.380848	10.799932	0.009765	-0.021414	0.008926
3734.417014	9.841742	49.791997	11.037355	0.009423	-0.021983	0.008572
3761.434529	10.092692	49.187974	11.265061	0.009072	-0.022532	0.008210
3788.452043	10.334016	48.569342	11.482848	0.008713	-0.023060	0.007841
3815.469558	10.565503	47.936679	11.690527	0.008347	-0.023566	0.007465
3842.487073	10.786947	47.290576	11.887913	0.007973	-0.024050	0.007082
3869.504587	10.998155	46.631634	12.074832	0.007592	-0.024512	0.006693
3896.522102	11.198941	45.960466	12.251121	0.007205	-0.024951	0.006299
3923.539616	11.389126	45.277695	12.416624	0.006811	-0.025367	0.005899
3950.557131	11.568545	44.583957	12.571195	0.006412	-0.025760	0.005493
3977.574646	11.737040	43.879895	12.714698	0.006006	-0.026128	0.005083
4004.592160	11.894461	43.166161	12.847007	0.005596	-0.026473	0.004668
4031.609675	12.040670	42.443417	12.968005	0.005180	-0.026792	0.004249
4058.627189	12.175539	41.712331	13.077586	0.004760	-0.027087	0.003827
4085.644704	12.298948	40.973582	13.175654	0.004335	-0.027357	0.003401
4112.662219	12.410790	40.227851	13.262122	0.003907	-0.027602	0.002972
4139.679733	12.510965	39.475829	13.336913	0.003476	-0.027821	0.002540
4166.697248	12.599386	38.718210	13.399963	0.003041	-0.028014	0.002106
4193.714762	12.675974	37.955694	13.451215	0.002604	-0.028182	0.001671
4220.732277	12.740663	37.188986	13.490624	0.002164	-0.028323	0.001234
4247.749791	12.793395	36.418794	13.518156	0.001722	-0.028439	0.000795
4274.767306	12.834123	35.645828	13.533787	0.001279	-0.028528	0.000357
4301.784821	12.862813	34.870802	13.537502	0.000835	-0.028590	-0.000083
4328.802335	12.879438	34.094432	13.529299	0.000390	-0.028627	-0.000522
4355.819850	12.883984	33.317433	13.509184	-0.000055	-0.028637	-0.000961
4382.837364	12.876448	32.540523	13.477176	-0.000500	-0.028620	-0.001398
4409.854879	12.856835	31.764419	13.433302	-0.000945	-0.028577	-0.001835
4436.872394	12.825163	30.989836	13.377602	-0.001389	-0.028508	-0.002270
4463.889908	12.781460	30.217490	13.310124	-0.001832	-0.028412	-0.002703
4490.907423	12.725764	29.448094	13.230927	-0.002273	-0.028291	-0.003134
4517.924937	12.658124	28.682358	13.140082	-0.002712	-0.028143	-0.003562
4544.942452	12.578601	27.920989	13.037668	-0.003149	-0.027969	-0.003986
4571.959967	12.487263	27.164690	12.923775	-0.003583	-0.027769	-0.004407
4598.977481	12.384192	26.414161	12.798505	-0.004013	-0.027544	-0.004825
4625.994996	12.269477	25.670094	12.661966	-0.004441	-0.027293	-0.005238
4653.012510	12.143221	24.933178	12.514280	-0.004864	-0.027017	-0.005646
4680.030025	12.005534	24.204094	12.355576	-0.005283	-0.026716	-0.006050
4707.047540	11.856538	23.483518	12.185994	-0.005698	-0.026390	-0.006448
4734.065054	11.696363	22.772116	12.005683	-0.006107	-0.026039	-0.006841
4761.082569	11.525150	22.070549	11.814802	-0.006511	-0.025665	-0.007227
4788.100083	11.343052	21.379465	11.613520	-0.006909	-0.025267	-0.007607
4815.117598	11.150226	20.699508	11.402012	-0.007302	-0.024845	-0.007981
4842.135113	10.946845	20.031308	11.180467	-0.007687	-0.024400	-0.008347
4869.152627	10.733086	19.375487	10.949078	-0.008066	-0.023933	-0.008706
4896.170142	10.509137	18.732655	10.708049	-0.008438	-0.023443	-0.009057
4923.187656	10.275197	18.103410	10.457593	-0.008803	-0.022931	-0.009401
4950.205171	10.031470	17.488341	10.197930	-0.009160	-0.022398	-0.009736
4977.222686	9.778172	16.888020	9.929288	-0.009508	-0.021844	-0.010063
5004.240200	9.515525	16.303010	9.651905	-0.009848	-0.021270	-0.010380
5031.257715	9.243761	15.733859	9.366023	-0.010180	-0.020676	-0.010689
5058.275229	8.963119	15.181101	9.071896	-0.010503	-0.020062	-0.010988
5085.292744	8.673845	14.645254	8.769782	-0.010816	-0.019429	-0.011277
5112.310259	8.376196	14.126825	8.459947	-0.011120	-0.018778	-0.011557
5139.327773	8.070432	13.626302	8.142664	-0.011414	-0.018109	-0.011826
5166.345288	7.756824	13.144159	7.818212	-0.011698	-0.017424	-0.012085
5193.362802	7.435646	12.680853	7.486877	-0.011972	-0.016721	-0.012334
5220.380317	7.107182	12.236825	7.148950	-0.012235	-0.016003	-0.012571
5247.397832	6.771721	11.812499	6.804729	-0.012488	-0.015269	-0.012797
5274.415346	6.429559	11.408282	6.454517	-0.012729	-0.014521	-0.013013
5301.432861	6.080996	11.024562	6.098623	-0.012959	-0.013759	-0.013216
5328.450375	5.726339	10.661709	5.737359	-0.013178	-0.012983	-0.013408
5355.467890	5.365902	10.320078	5.371044	-0.013385	-0.012195	-0.013589
5382.485405	5.000000	10.000000	5.000000	-0.013581	-0.011394	-0.013757
5409.502919	5.000000	10.000000	5.000000	-0.000963	-0.010717	-0.001047
5436.520434	4.971836	9.709991	4.969401	-0.001112	-0.010656	-0.001208
5463.537948	4.939644	9.421772	4.934426	-0.001260	-0.010585	-0.001369
5490.555463	4.903454	9.135583	4.895108	-0.001407	-0.010506	-0.001529
5517.572977	4.863298	8.851660	4.851479	-0.001553	-0.010418	-0.001687
5544.590492	4.819210	8.570236	4.803580	-0.001697	-0.010322	-0.001843
5571.608007	4.771229	8.291545	4.751451	-0.001839	-0.010217	-0.001998
5598.625521	4.719398	8.015815	4.695139	-0.001980	-0.010104	-0.002152
5625.643036	4.663762	7.743275	4.634693	-0.002120	-0.009982	-0.002303
5652.660550	4.604371	7.474148	4.570167	-0.002257	-0.009852	-0.002452
5679.678065	4.541276	7.208656	4.501617	-0.002393	-0.009714	-0.002600
5706.695580	4.474533	6.947016	4.429104	-0.002526	-0.009568	-0.002744
5733.713094	4.404201	6.689445	4.352692	-0.002657	-0.009414	-0.002887
5760.730609	4.330342	6.436152	4.272447	-0.002786	-0.009253	-0.003027
5787.748123	4.253020	6.187346	4.188441	-0.002912	-0.009084	-0.003164
5814.765638	4.172305	5.943229	4.100748	-0.003036	-0.008907	-0.003299
5841.783153	4.088266	5.704002	4.009444	-0.003157	-0.008724	-0.003430
5868.800667	4.000979	5.469858	3.914610	-0.003276	-0.008533	-0.003559
5895.818182	3.910519	5.240989	3.816329	-0.003391	-0.008335	-0.003684
5922.835696	3.816966	5.017581	3.714689	-0.003504	-0.008130	-0.003806
5949.853211	3.720404	4.799814	3.609778	-0.003613	-0.007919	-0.003925
5976.870726	3.620916	4.587865	3.501689	-0.003719	-0.007701	-0.004041
6003.888240	3.518591	4.381905	3.390517	-0.003822	-0.007478	-0.004153
6030.905755	3.413518	4.182100	3.276360	-0.003922	-0.007248	-0.004261
6057.923269	3.305790	3.988609	3.159319	-0.004018	-0.007012	-0.004365
6084.940784	3.195502	3.801588	3.039496	-0.004110	-0.006771	-0.004466
6111.958299	3.082750	3.621186	2.916997	-0.004199	-0.006524	-0.004562
6138.975813	2.967635	3.447546	2.791930	-0.004285	-0.006273	-0.004655
6165.993328	2.850258	3.280804	2.664405	-0.004366	-0.006016	-0.004743
6193.010842	2.730722	3.121094	2.534534	-0.004444	-0.005755	-0.004828
6220.028357	2.609131	2.968538	2.402432	-0.004517	-0.005489	-0.004908
6247.045872	2.485594	2.823257	2.268214	-0.004587	-0.005218	-0.004984
6274.063386	2.360219	2.685363	2.132000	-0.004653	-0.004944	-0.005055
6301.080901	2.233116	2.554960	1.993909	-0.004714	-0.004666	-0.005122
6328.098415	2.104397	2.432149	1.854062	-0.004772	-0.004385	-0.005184
6355.115930	1.974176	2.317022	1.712583	-0.004825	-0.004100	-0.005242
6382.133445	1.842567	2.209665	1.569596	-0.004874	-0.003812	-0.005296
6409.150959	1.709686	2.110157	1.425227	-0.004919	-0.003522	-0.005344
6436.168474	1.575650	2.018569	1.279603	-0.004959	-0.003228	-0.005388
6463.185988	1.440578	1.934967	1.132853	-0.004995	-0.002933	-0.005427
6490.203503	1.304587	1.859409	0.985105	-0.005027	-0.002636	-0.005462
6517.221018	1.167798	1.791946	0.836490	-0.005054	-0.002336	-0.005491
6544.238532	1.030331	1.732621	0.687139	-0.005077	-0.002036	-0.005516
6571.256047	0.892307	1.681472	0.537182	-0.005095	-0.001734	-0.005536
6598.273561	0.753848	1.638527	0.386753	-0.005109	-0.001431	-0.005551
6625.291076	0.615076	1.603809	0.235983	-0.005118	-0.001128	-0.005561
6652.308590	0.476112	1.577333	0.085006	-0.005123	-0.000824	-0.005566
6679.326105	0.337080	1.559106	-0.066047	-0.005123	-0.000520	-0.005566
6706.343620	0.198101	1.549129	-0.217041	-0.005119	-0.000216	-0.005562
6733.361134	0.059298	1.547395	-0.367844	-0.005110	0.000088	-0.005552
6760.378649	-0.079207	1.553891	-0.518323	-0.005097	0.000391	-0.005538
6787.396163	-0.217293	1.568594	-0.668346	-0.005079	0.000693	-0.005519
6814.413678	-0.354836	1.591477	-0.817781	-0.005057	0.000994	-0.005494
6841.431193	-0.491717	1.622503	-0.966495	-0.005031	0.001293	-0.005466
6868.448707	-0.627814	1.661630	-1.114359	-0.005000	0.001591	-0.005432
6895.466222	-0.763009	1.708807	-1.261242	-0.004964	0.001886	-0.005393
6922.483736	-0.897181	1.763978	-1.407014	-0.004924	0.002180	-0.005350
6949.501251	-1.030213	1.827078	-1.551547	-0.004880	0.002471	-0.005302
6976.518766	-1.161988	1.898036	-1.694715	-0.004832	0.002759	-0.005249
7003.536280	-1.292390	1.976775	-1.836390	-0.004779	0.003044	-0.005192
7030.553795	-1.421304	2.063208	-1.976448	-0.004722	0.003326	-0.005130
7057.571309	-1.548616	2.157245	-2.114767	-0.004661	0.003604	-0.005064
7084.588824	-1.674214	2.258787	-2.251224	-0.004596	0.003879	-0.004993
7111.606339	-1.797988	2.367730	-2.385698	-0.004526	0.004150	-0.004918
7138.623853	-1.919828	2.483960	-2.518072	-0.004453	0.004416	-0.004838
7165.641368	-2.039628	2.607362	-2.648230	-0.004376	0.004678	-0.004754
7192.658882	-2.157283	2.737810	-2.776056	-0.004295	0.004936	-0.004666
7219.676397	-2.272687	2.875174	-2.901437	-0.004210	0.005188	-0.004574
7246.693912	-2.385741	3.019317	-3.024264	-0.004122	0.005435	-0.004478
7273.711426	-2.496343	3.170098	-3.144429	-0.004030	0.005677	-0.004378
7300.728941	-2.604398	3.327367	-3.261825	-0.003934	0.005913	-0.004274
7327.746455	-2.709809	3.490970	-3.376350	-0.003835	0.006144	-0.004166
7354.763970	-2.812484	3.660749	-3.487902	-0.003732	0.006368	-0.004055
7381.781485	-2.912333	3.836538	-3.596383	-0.003626	0.006587	-0.003940
7408.798999	-3.009268	4.018166	-3.701698	-0.003517	0.006799	-0.003822
7435.816514	-3.103202	4.205458	-3.803754	-0.003405	0.007004	-0.003700
7462.834028	-3.194055	4.398234	-3.902461	-0.003290	0.007203	-0.003575
7489.851543	-3.281745	4.596308	-3.997732	-0.003172	0.007395	-0.003447
7516.869058	-3.366196	4.799490	-4.089483	-0.003052	0.007579	-0.003315
7543.886572	-3.447332	5.007586	-4.177634	-0.002928	0.007757	-0.003181
7570.904087	-3.525083	5.220397	-4.262108	-0.002802	0.007927	-0.003044
7597.921601	-3.599381	5.437720	-4.342828	-0.002674	0.008089	-0.002905
7624.939116	-3.670159	5.659348	-4.419725	-0.002543	0.008244	-0.002763
7651.956631	-3.737356	5.885071	-4.492732	-0.002410	0.008391	-0.002618
7678.974145	-3.800912	6.114673	-4.561782	-0.002274	0.008530	-0.002471
7705.991660	-3.860771	6.347938	-4.626816	-0.002137	0.008661	-0.002322
7733.009174	-3.916881	6.584645	-4.687777	-0.001998	0.008784	-0.002171
7760.026689	-3.969192	6.824568	-4.744611	-0.001857	0.008898	-0.002018
7787.044204	-4.017658	7.067483	-4.797268	-0.001715	0.009004	-0.001863
7814.061718	-4.062237	7.313158	-4.845700	-0.001571	0.009102	-0.001706
7841.079233	-4.102889	7.561363	-4.889867	-0.001425	0.009191	-0.001549
7868.096747	-4.139579	7.811863	-4.929729	-0.001279	0.009271	-0.001389
7895.114262	-4.172274	8.064421	-4.965250	-0.001131	0.009342	-0.001229
7922.131776	-4.200945	8.318801	-4.996400	-0.000982	0.009405	-0.001067
7949.149291	-4.225568	8.574763	-5.023151	-0.000833	0.009459	-0.000904
7976.166806	-4.246119	8.832064	-5.045480	-0.000682	0.009504	-0.000741
8003.184320	-4.262583	9.090465	-5.063366	-0.000531	0.009540	-0.000577
8030.201835	-4.274943	9.349720	-5.076795	-0.000380	0.009567	-0.000413
8057.219349	-4.283189	9.609588	-5.085754	-0.000228	0.009585	-0.000248
8084.236864	-4.287314	9.869822	-5.090236	-0.000076	0.009594	-0.000083
8111.254379	-4.287314	10.130178	-5.090236	0.000076	0.009594	0.000083
8138.271893	-4.283189	10.390413	-5.085754	0.000228	0.009585	0.000248
8165.289408	-4.274943	10.650280	-5.076795	0.000380	0.009567	0.000413
8192.306922	-4.262583	10.909535	-5.063366	0.000531	0.009540	0.000577
8219.324437	-4.246119	11.167936	-5.045480	0.000682	0.009504	0.000741
8246.341952	-4.225568	11.425237	-5.023151	0.000833	0.009459	0.000904
8273.359466	-4.200945	11.681199	-4.996400	0.000982	0.009405	0.001067
8300.376981	-4.172274	11.935579	-4.965250	0.001131	0.009342	0.001229
8327.394495	-4.139579	12.188137	-4.929729	0.001279	0.009271	0.001389
8354.412010	-4.102889	12.438637	-4.889867	0.001425	0.009191	0.001549
8381.429525	-4.062237	12.686842	-4.845700	0.001571	0.009102	0.001706
8408.447039	-4.017658	12.932517	-4.797267	0.001715	0.009004	0.001863
8435.464554	-3.969192	13.175432	-4.744611	0.001857	0.008898	0.002018
8462.482068	-3.916881	13.415355	-4.687777	0.001998	0.008784	0.002171
8489.499583	-3.860771	13.652062	-4.626816	0.002137	0.008661	0.002322
8516.517098	-3.800912	13.885327	-4.561782	0.002274	0.008530	0.002471
8543.534612	-3.737356	14.114929	-4.492732	0.002410	0.008391	0.002618
8570.552127	-3.670159	14.340652	-4.419725	0.002543	0.008244	0.002763
8597.569641	-3.599381	14.562280	-4.342828	0.002674	0.008089	0.002905
8624.587156	-3.525083	14.779603	-4.262108	0.002802	0.007927	0.003044
8651.604671	-3.447332	14.992414	-4.177634	0.002928	0.007757	0.003181
8678.622185	-3.366196	15.200510	-4.089483	0.003052	0.007579	0.003315
8705.639700	-3.281745	15.403692	-3.997732	0.003172	0.007395	0.003447
8732.657214	-3.194055	15.601766	-3.902461	0.003290	0.007203	0.003575
8759.674729	-3.103202	15.794542	-3.803754	0.003405	0.007004	0.003700
8786.692244	-3.009268	15.981834	-3.701698	0.003517	0.006799	0.003822
8813.709758	-2.912333	16.163462	-3.596383	0.003626	0.006587	0.003940
8840.727273	-2.812484	16.339251	-3.487902	0.003732	0.006368	0.004055
8867.744787	-2.709809	16.509030	-3.376350	0.003835	0.006144	0.004166
8894.762302	-2.604398	16.672633	-3.261825	0.003934	0.005913	0.004274
8921.779817	-2.496343	16.829902	-3.144429	0.004030	0.005677	0.004378
8948.797331	-2.385740	16.980683	-3.024264	0.004122	0.005435	0.004478
8975.814846	-2.272687	17.124826	-2.901437	0.004210	0.005188	0.004574
9002.832360	-2.157283	17.262190	-2.776055	0.004295	0.004936	0.004666
9029.849875	-2.039628	17.392638	-2.648230	0.004376	0.004678	0.004754
9056.867389	-1.919828	17.516040	-2.518072	0.004453	0.004416	0.004838
9083.884904	-1.797988	17.632271	-2.385698	0.004526	0.004150	0.004918
9110.902419	-1.674214	17.741213	-2.251224	0.004596	0.003879	0.004993
9137.919933	-1.548615	17.842755	-2.114767	0.004661	0.003604	0.005064
9164.937448	-1.421304	17.936792	-1.976448	0.004722	0.003326	0.005130
9191.954962	-1.292390	18.023225	-1.836390	0.004779	0.003044	0.005192
9218.972477	-1.161988	18.101964	-1.694714	0.004832	0.002759	0.005249
9245.989992	-1.030213	18.172922	-1.551547	0.004880	0.002471	0.005302
9273.007506	-0.897181	18.236022	-1.407014	0.004924	0.002180	0.005350
9300.025021	-0.763009	18.291193	-1.261242	0.004964	0.001886	0.005393
9327.042535	-0.627814	18.338370	-1.114359	0.005000	0.001591	0.005432
9354.060050	-0.491717	18.377497	-0.966495	0.005031	0.001293	0.005466
9381.077565	-0.354836	18.408523	-0.817781	0.005057	0.000994	0.005494
9408.095079	-0.217292	18.431406	-0.668346	0.005079	0.000693	0.005519
9435.112594	-0.079207	18.446109	-0.518323	0.005097	0.000391	0.005538
9462.130108	0.059298	18.452605	-0.367844	0.005110	0.000088	0.005552
9489.147623	0.198101	18.450871	-0.217041	0.005119	-0.000216	0.005562
9516.165138	0.337080	18.440894	-0.066047	0.005123	-0.000520	0.005566
9543.182652	0.476112	18.422667	0.085006	0.005123	-0.000824	0.005566
9570.200167	0.615076	18.396191	0.235983	0.005118	-0.001128	0.005561
9597.217681	0.753848	18.361473	0.386753	0.005109	-0.001431	0.005551
9624.235196	0.892307	18.318528	0.537182	0.005095	-0.001734	0.005536
9651.252711	1.030331	18.267379	0.687139	0.005077	-0.002036	0.005516
9678.270225	1.167798	18.208054	0.836490	0.005054	-0.002336	0.005491
9705.287740	1.304587	18.140591	0.985105	0.005027	-0.002636	0.005462
9732.305254	1.440578	18.065033	1.132853	0.004995	-0.002933	0.005427
9759.322769	1.575650	17.981431	1.279603	0.004959	-0.003228	0.005388
9786.340284	1.709686	17.889843	1.425227	0.004919	-0.003522	0.005344
9813.357798	1.842567	17.790335	1.569596	0.004874	-0.003812	0.005296
9840.375313	1.974176	17.682978	1.712583	0.004825	-0.004100	0.005242
9867.392827	2.104397	17.567851	1.854062	0.004772	-0.004385	0.005184
9894.410342	2.233116	17.445040	1.993909	0.004714	-0.004666	0.005122
9921.427857	2.360219	17.314637	2.132000	0.004653	-0.004944	0.005055
9948.445371	2.485594	17.176743	2.268215	0.004587	-0.005218	0.004984
9975.462886	2.609131	17.031462	2.402432	0.004517	-0.005489	0.004908
10002.480400	2.730722	16.878906	2.534534	0.004444	-0.005755	0.004828
10029.497915	2.850258	16.719195	2.664405	0.004366	-0.006016	0.004743
10056.515430	2.967636	16.552454	2.791930	0.004285	-0.006273	0.004655
10083.532944	3.082750	16.378814	2.916997	0.004199	-0.006524	0.004562
10110.550459	3.195502	16.198412	3.039496	0.004110	-0.006771	0.004466
10137.567973	3.305790	16.011391	3.159319	0.004018	-0.007012	0.004365
10164.585488	3.413518	15.817900	3.276361	0.003922	-0.007248	0.004261
10191.603003	3.518591	15.618094	3.390517	0.003822	-0.007478	0.004153
10218.620517	3.620916	15.412134	3.501689	0.003719	-0.007701	0.004041
10245.638032	3.720404	15.200186	3.609778	0.003613	-0.007919	0.003925
10272.655546	3.816966	14.982419	3.714689	0.003504	-0.008130	0.003806
10299.673061	3.910519	14.759011	3.816329	0.003391	-0.008335	0.003684
10326.690575	4.000979	14.530142	3.914610	0.003276	-0.008533	0.003559
10353.708090	4.088266	14.295998	4.009444	0.003157	-0.008724	0.003430
10380.725605	4.172305	14.056771	4.100748	0.003036	-0.008907	0.003299
10407.743119	4.253020	13.812654	4.188441	0.002912	-0.009084	0.003164
10434.760634	4.330342	13.563848	4.272447	0.002786	-0.009253	0.003027
10461.778148	4.404201	13.310555	4.352692	0.002657	-0.009414	0.002887
10488.795663	4.474533	13.052983	4.429104	0.002526	-0.009568	0.002744
10515.813178	4.541276	12.791344	4.501617	0.002393	-0.009714	0.002600
10542.830692	4.604371	12.525852	4.570167	0.002257	-0.009852	0.002452
10569.848207	4.663762	12.256725	4.634693	0.002120	-0.009982	0.002303
10596.865721	4.719398	11.984185	4.695139	0.001980	-0.010104	0.002152
10623.883236	4.771229	11.708455	4.751451	0.001839	-0.010217	0.001998
10650.900751	4.819210	11.429764	4.803580	0.001697	-0.010322	0.001843
10677.918265	4.863298	11.148340	4.851479	0.001553	-0.010418	0.001687
10704.935780	4.903454	10.864417	4.895108	0.001407	-0.010506	0.001529
10731.953294	4.939644	10.578228	4.934426	0.001260	-0.010585	0.001369
10758.970809	4.971836	10.290009	4.969401	0.001112	-0.010656	0.001208
10785.988324	5.000000	10.000000	5.000000	0.000963	-0.010717	0.001047
10813.005838	5.000000	10.000000	5.000000	-0.002921	-0.015831	-0.001047
10840.023353	4.914600	9.572891	4.969401	-0.003373	-0.015644	-0.001208
10867.040867	4.816989	9.151212	4.934426	-0.003821	-0.015431	-0.001369
10894.058382	4.707253	8.735687	4.895108	-0.004266	-0.015191	-0.001529
10921.075897	4.585489	8.327031	4.851479	-0.004708	-0.014924	-0.001687
10948.093411	4.451805	7.925956	4.803580	-0.005145	-0.014632	-0.001843
10975.110926	4.306317	7.533165	4.751451	-0.005577	-0.014314	-0.001998
11002.128440	4.149154	7.149355	4.695139	-0.006005	-0.013970	-0.002152
11029.145955	3.980455	6.775216	4.634693	-0.006428	-0.013601	-0.002303
11056.163470	3.800367	6.411426	4.570167	-0.006845	-0.013207	-0.002452
11083.180984	3.609050	6.058658	4.501617	-0.007255	-0.012789	-0.002600
11110.198499	3.406671	5.717573	4.429104	-0.007660	-0.012346	-0.002744
11137.216013	3.193409	5.388822	4.352692	-0.008057	-0.011880	-0.002887
11164.233528	2.969452	5.073046	4.272447	-0.008448	-0.011390	-0.003027
11191.251043	2.734997	4.770873	4.188441	-0.008831	-0.010877	-0.003164
11218.268557	2.490251	4.482920	4.100748	-0.009206	-0.010342	-0.003299
11245.286072	2.235428	4.209792	4.009444	-0.009574	-0.009785	-0.003430
11272.303586	1.970753	3.952080	3.914610	-0.009932	-0.009206	-0.003559
11299.321101	1.696459	3.710362	3.816329	-0.010283	-0.008606	-0.003684
11326.338616	1.412788	3.485201	3.714689	-0.010624	-0.007986	-0.003806
11353.356130	1.119990	3.277147	3.609778	-0.010955	-0.007345	-0.003925
11380.373645	0.818321	3.086734	3.501689	-0.011277	-0.006686	-0.004041
11407.391159	0.508049	2.914480	3.390517	-0.011589	-0.006007	-0.004153
11434.408674	0.189445	2.760889	3.276360	-0.011891	-0.005310	-0.004261
11461.426188	-0.137209	2.626445	3.159319	-0.012183	-0.004596	-0.004365
11488.443703	-0.471626	2.511618	3.039496	-0.012463	-0.003865	-0.004466
11515.461218	-0.813512	2.416861	2.916997	-0.012733	-0.003117	-0.004562
11542.478732	-1.162565	2.342608	2.791930	-0.012992	-0.002353	-0.004655
11569.496247	-1.518479	2.289274	2.664405	-0.013239	-0.001575	-0.004743
11596.513761	-1.880939	2.257258	2.534534	-0.013474	-0.000782	-0.004828
11623.531276	-2.249627	2.246939	2.402432	-0.013698	0.000024	-0.004908
11650.548791	-2.624219	2.258676	2.268214	-0.013909	0.000843	-0.004984
11677.566305	-3.004383	2.292811	2.132000	-0.014108	0.001675	-0.005055
11704.583820	-3.389787	2.349664	1.993909	-0.014295	0.002518	-0.005122
11731.601334	-3.780090	2.429537	1.854062	-0.014469	0.003371	-0.005184
11758.618849	-4.174948	2.532708	1.712583	-0.014631	0.004235	-0.005242
11785.636364	-4.574015	2.659440	1.569596	-0.014780	0.005107	-0.005296
11812.653878	-4.976938	2.809971	1.425227	-0.014915	0.005989	-0.005344
11839.671393	-5.383363	2.984519	1.279603	-0.015038	0.006877	-0.005388
11866.688907	-5.792933	3.183281	1.132853	-0.015147	0.007773	-0.005427
11893.706422	-6.205286	3.406435	0.985105	-0.015243	0.008675	-0.005462
11920.723937	-6.620059	3.654133	0.836490	-0.015325	0.009582	-0.005491
11947.741451	-7.036888	3.926509	0.687139	-0.015394	0.010494	-0.005516
11974.758966	-7.455406	4.223674	0.537182	-0.015450	0.011409	-0.005536
12001.776480	-7.875243	4.545717	0.386753	-0.015492	0.012327	-0.005551
12028.793995	-8.296031	4.892705	0.235983	-0.015520	0.013247	-0.005561
12055.811510	-8.717399	5.264685	0.085006	-0.015534	0.014169	-0.005566
12082.829024	-9.138975	5.661679	-0.066047	-0.015535	0.015091	-0.005566
12109.846539	-9.560389	6.083688	-0.217041	-0.015522	0.016013	-0.005562
12136.864053	-9.981270	6.530693	-0.367844	-0.015496	0.016933	-0.005552
12163.881568	-10.401247	7.002650	-0.518323	-0.015456	0.017852	-0.005538
12190.899083	-10.819951	7.499495	-0.668346	-0.015402	0.018767	-0.005519
12217.916597	-11.237012	8.021142	-0.817781	-0.015335	0.019679	-0.005494
12244.934112	-11.652064	8.567481	-0.966495	-0.015254	0.020587	-0.005466
12271.951626	-12.064740	9.138383	-1.114359	-0.015160	0.021490	-0.005432
12298.969141	-12.474679	9.733696	-1.261242	-0.015052	0.022386	-0.005393
12325.986656	-12.881519	10.353247	-1.407014	-0.014931	0.023276	-0.005350
12353.004170	-13.284901	10.996841	-1.551547	-0.014797	0.024158	-0.005302
12380.021685	-13.684471	11.664263	-1.694715	-0.014650	0.025032	-0.005249
12407.039199	-14.079877	12.355276	-1.836390	-0.014490	0.025897	-0.005192
12434.056714	-14.470771	13.069622	-1.976448	-0.014318	0.026752	-0.005130
12461.074229	-14.856808	13.807024	-2.114767	-0.014133	0.027596	-0.005064
12488.091743	-15.237648	14.567183	-2.251224	-0.013935	0.028429	-0.004993
12515.109258	-15.612958	15.349780	-2.385698	-0.013725	0.029250	-0.004918
12542.126772	-15.982405	16.154478	-2.518072	-0.013503	0.030058	-0.004838
12569.144287	-16.345664	16.980920	-2.648230	-0.013269	0.030852	-0.004754
12596.161802	-16.702417	17.828727	-2.776056	-0.013023	0.031632	-0.004666
12623.179316	-17.052348	18.697505	-2.901437	-0.012766	0.032398	-0.004574
12650.196831	-17.395150	19.586841	-3.024264	-0.012498	0.033147	-0.004478
12677.214345	-17.730521	20.496301	-3.144429	-0.012218	0.033881	-0.004378
12704.231860	-18.058166	21.425436	-3.261825	-0.011928	0.034597	-0.004274
12731.249374	-18.377796	22.373778	-3.376350	-0.011628	0.035296	-0.004166
12758.266889	-18.689129	23.340845	-3.487902	-0.011317	0.035977	-0.004055
12785.284404	-18.991892	24.326135	-3.596383	-0.010996	0.036639	-0.003940
12812.301918	-19.285819	25.329132	-3.701698	-0.010666	0.037282	-0.003822
12839.319433	-19.570649	26.349303	-3.803754	-0.010326	0.037905	-0.003700
12866.336947	-19.846133	27.386102	-3.902461	-0.009977	0.038508	-0.003575
12893.354462	-20.112028	28.438966	-3.997732	-0.009619	0.039089	-0.003447
12920.371977	-20.368100	29.507319	-4.089483	-0.009253	0.039649	-0.003315
12947.389491	-20.614124	30.590572	-4.177634	-0.008879	0.040187	-0.003181
12974.407006	-20.849882	31.688122	-4.262108	-0.008496	0.040703	-0.003044
13001.424520	-21.075168	32.799353	-4.342828	-0.008107	0.041195	-0.002905
13028.442035	-21.289783	33.923639	-4.419725	-0.007710	0.041665	-0.002763
13055.459550	-21.493537	35.060339	-4.492732	-0.007306	0.042110	-0.002618
13082.477064	-21.686253	36.208805	-4.561782	-0.006896	0.042532	-0.002471
13109.494579	-21.867759	37.368376	-4.626816	-0.006480	0.042929	-0.002322
13136.512093	-22.037896	38.538382	-4.687777	-0.006059	0.043301	-0.002171
13163.529608	-22.196515	39.718144	-4.744611	-0.005631	0.043648	-0.002018
13190.547123	-22.343476	40.906973	-4.797268	-0.005199	0.043969	-0.001863
13217.564637	-22.478648	42.104175	-4.845700	-0.004763	0.044265	-0.001706
13244.582152	-22.601915	43.309047	-4.889867	-0.004322	0.044534	-0.001549
13271.599666	-22.713166	44.520877	-4.929729	-0.003877	0.044778	-0.001389
13298.617181	-22.812303	45.738951	-4.965250	-0.003429	0.044995	-0.001229
13325.634696	-22.899241	46.962546	-4.996400	-0.002978	0.045185	-0.001067
13352.652210	-22.973901	48.190937	-5.023151	-0.002524	0.045348	-0.000904
13379.669725	-23.036219	49.423393	-5.045480	-0.002068	0.045484	-0.000741
13406.687239	-23.086139	50.659180	-5.063366	-0.001611	0.045593	-0.000577
13433.704754	-23.123617	51.897560	-5.076795	-0.001151	0.045675	-0.000413
13460.722269	-23.148622	53.137794	-5.085754	-0.000691	0.045730	-0.000248
13487.739783	-23.161129	54.379141	-5.090236	-0.000230	0.045757	-0.000083
13514.757298	-23.161129	55.620859	-5.090236	0.000230	0.045757	0.000083
13541.774812	-23.148622	56.862207	-5.085754	0.000691	0.045730	0.000248
13568.792327	-23.123617	58.102441	-5.076795	0.001151	0.045675	0.000413
13595.809842	-23.086139	59.340821	-5.063366	0.001611	0.045593	0.000577
13622.827356	-23.036219	60.576607	-5.045480	0.002068	0.045484	0.000741
13649.844871	-22.973901	61.809063	-5.023151	0.002524	0.045348	0.000904
13676.862385	-22.899241	63.037454	-4.996400	0.002978	0.045185	0.001067
13703.879900	-22.812303	64.261050	-4.965250	0.003429	0.044995	0.001229
13730.897415	-22.713166	65.479123	-4.929729	0.003877	0.044778	0.001389
13757.914929	-22.601915	66.690954	-4.889867	0.004322	0.044534	0.001549
13784.932444	-22.478648	67.895825	-4.845700	0.004763	0.044265	0.001706
13811.949958	-22.343476	69.093027	-4.797267	0.005199	0.043969	0.001863
13838.967473	-22.196515	70.281857	-4.744611	0.005631	0.043648	0.002018
13865.984987	-22.037896	71.461619	-4.687777	0.006059	0.043301	0.002171
13893.002502	-21.867759	72.631624	-4.626816	0.006480	0.042929	0.002322
13920.020017	-21.686253	73.791195	-4.561782	0.006896	0.042532	0.002471
13947.037531	-21.493537	74.939661	-4.492732	0.007306	0.042110	0.002618
13974.055046	-21.289783	76.076362	-4.419725	0.007710	0.041665	0.002763
14001.072560	-21.075168	77.200647	-4.342828	0.008107	0.041195	0.002905
14028.090075	-20.849882	78.311878	-4.262108	0.008496	0.040703	0.003044
14055.107590	-20.614124	79.409428	-4.177634	0.008879	0.040187	0.003181
14082.125104	-20.368100	80.492681	-4.089483	0.009253	0.039649	0.003315
14109.142619	-20.112028	81.561035	-3.997732	0.009619	0.039089	0.003447
14136.160133	-19.846133	82.613899	-3.902461	0.009977	0.038508	0.003575
14163.177648	-19.570649	83.650697	-3.803754	0.010326	0.037905	0.003700
14190.195163	-19.285818	84.670869	-3.701698	0.010666	0.037282	0.003822
14217.212677	-18.991892	85.673865	-3.596383	0.010996	0.036639	0.003940
14244.230192	-18.689129	86.659155	-3.487902	0.011317	0.035977	0.004055
14271.247706	-18.377796	87.626222	-3.376350	0.011628	0.035296	0.004166
14298.265221	-18.058166	88.574565	-3.261825	0.011928	0.034597	0.004274
14325.282736	-17.730521	89.503700	-3.144429	0.012218	0.033881	0.004378
14352.300250	-17.395150	90.413160	-3.024264	0.012498	0.033147	0.004478
14379.317765	-17.052348	91.302495	-2.901437	0.012766	0.032398	0.004574
14406.335279	-16.702417	92.171273	-2.776055	0.013023	0.031632	0.004666
14433.352794	-16.345664	93.019081	-2.648230	0.013269	0.030852	0.004754
14460.370309	-15.982404	93.845522	-2.518072	0.013503	0.030058	0.004838
14487.387823	-15.612957	94.650220	-2.385698	0.013725	0.029250	0.004918
14514.405338	-15.237648	95.432818	-2.251224	0.013935	0.028429	0.004993
14541.422852	-14.856808	96.192976	-2.114767	0.014133	0.027596	0.005064
14568.440367	-14.470771	96.930378	-1.976448	0.014318	0.026752	0.005130
14595.457882	-14.079877	97.644724	-1.836390	0.014490	0.025897	0.005192
14622.475396	-13.684471	98.335737	-1.694714	0.014650	0.025032	0.005249
14649.492911	-13.284901	99.003159	-1.551547	0.014797	0.024158	0.005302
14676.510425	-12.881519	99.646753	-1.407014	0.014931	0.023276	0.005350
14703.527940	-12.474679	100.266304	-1.261242	0.015052	0.022386	0.005393
14730.545455	-12.064740	100.861617	-1.114359	0.015160	0.021490	0.005432
14757.562969	-11.652063	101.432519	-0.966495	0.015254	0.020587	0.005466
14784.580484	-11.237012	101.978859	-0.817781	0.015335	0.019679	0.005494
14811.597998	-10.819950	102.500505	-0.668346	0.015402	0.018767	0.005519
14838.615513	-10.401247	102.997350	-0.518323	0.015456	0.017852	0.005538
14865.633028	-9.981270	103.469307	-0.367844	0.015496	0.016933	0.005552
14892.650542	-9.560389	103.916312	-0.217041	0.015522	0.016013	0.005562
14919.668057	-9.138975	104.338321	-0.066047	0.015535	0.015091	0.005566
14946.685571	-8.717399	104.735315	0.085006	0.015534	0.014169	0.005566
14973.703086	-8.296031	105.107295	0.235983	0.015520	0.013247	0.005561
15000.720601	-7.875243	105.454283	0.386753	0.015492	0.012327	0.005551
15027.738115	-7.455406	105.776326	0.537182	0.015450	0.011409	0.005536
15054.755630	-7.036888	106.073491	0.687139	0.015394	0.010494	0.005516
15081.773144	-6.620059	106.345867	0.836490	0.015325	0.009582	0.005491
15108.790659	-6.205286	106.593565	0.985105	0.015243	0.008675	0.005462
15135.808173	-5.792932	106.816719	1.132853	0.015147	0.007773	0.005427
15162.825688	-5.383363	107.015481	1.279603	0.015038	0.006877	0.005388
15189.843203	-4.976938	107.190029	1.425227	0.014915	0.005989	0.005344
15216.860717	-4.574014	107.340560	1.569596	0.014780	0.005107	0.005296
15243.878232	-4.174948	107.467292	1.712583	0.014631	0.004235	0.005242
15270.895746	-3.780089	107.570463	1.854062	0.014469	0.003371	0.005184
15297.913261	-3.389787	107.650336	1.993909	0.014295	0.002518	0.005122
15324.930776	-3.004383	107.707189	2.132000	0.014108	0.001675	0.005055
15351.948290	-2.624219	107.741324	2.268215	0.013909	0.000843	0.004984
15378.965805	-2.249627	107.753061	2.402432	0.013698	0.000024	0.004908
15405.983319	-1.880939	107.742742	2.534534	0.013474	-0.000782	0.004828
15433.000834	-1.518479	107.710726	2.664405	0.013239	-0.001575	0.004743
15460.018349	-1.162565	107.657392	2.791930	0.012992	-0.002353	0.004655
15487.035863	-0.813512	107.583139	2.916997	0.012733	-0.003117	0.004562
15514.053378	-0.471626	107.488382	3.039496	0.012463	-0.003865	0.004466
15541.070892	-0.137209	107.373555	3.159319	0.012183	-0.004596	0.004365
15568.088407	0.189445	107.239111	3.276361	0.011891	-0.005310	0.004261
15595.105922	0.508049	107.085519	3.390517	0.011589	-0.006007	0.004153
15622.123436	0.818321	106.913266	3.501689	0.011277	-0.006686	0.004041
15649.140951	1.119990	106.722853	3.609778	0.010955	-0.007345	0.003925
15676.158465	1.412788	106.514799	3.714689	0.010624	-0.007986	0.003806
15703.175980	1.696459	106.289638	3.816329	0.010283	-0.008606	0.003684
15730.193495	1.970753	106.047920	3.914610	0.009932	-0.009206	0.003559
15757.211009	2.235428	105.790208	4.009444	0.009574	-0.009785	0.003430
15784.228524	2.490251	105.517080	4.100748	0.009206	-0.010342	0.003299
15811.246038	2.734997	105.229127	4.188441	0.008831	-0.010877	0.003164
15838.263553	2.969452	104.926954	4.272447	0.008448	-0.011390	0.003027
15865.281068	3.193409	104.611178	4.352692	0.008057	-0.011880	0.002887
15892.298582	3.406671	104.282427	4.429104	0.007660	-0.012346	0.002744
15919.316097	3.609050	103.941342	4.501617	0.007255	-0.012789	0.002600
15946.333611	3.800367	103.588574	4.570167	0.006845	-0.013207	0.002452
15973.351126	3.980455	103.224784	4.634693	0.006428	-0.013601	0.002303
16000.368641	4.149154	102.850644	4.695139	0.006005	-0.013970	0.002152
16027.386155	4.306317	102.466835	4.751451	0.005577	-0.014314	0.001998
16054.403670	4.451805	102.074044	4.803580	0.005145	-0.014632	0.001843
16081.421184	4.585489	101.672969	4.851479	0.004708	-0.014924	0.001687
16108.438699	4.707253	101.264313	4.895108	0.004266	-0.015191	0.001529
16135.456214	4.816989	100.848788	4.934426	0.003821	-0.015431	0.001369
16162.473728	4.914600	100.427109	4.969401	0.003373	-0.015644	0.001208
16189.491243	5.000000	100.000000	5.000000	0.002921	-0.015831	0.001047
16216.508757	5.000000	100.000000	5.000000	-0.000963	-0.010717	-0.001047
16243.526272	4.971836	99.709991	4.969401	-0.001112	-0.010656	-0.001208
16270.543786	4.939644	99.421772	4.934426	-0.001260	-0.010585	-0.001369
16297.561301	4.903454	99.135583	4.895108	-0.001407	-0.010506	-0.001529
16324.578816	4.863298	98.851660	4.851479	-0.001553	-0.010418	-0.001687
16351.596330	4.819210	98.570236	4.803580	-0.001697	-0.010322	-0.001843
16378.613845	4.771229	98.291545	4.751451	-0.001839	-0.010217	-0.001998
16405.631359	4.719398	98.015815	4.695139	-0.001980	-0.010104	-0.002152
16432.648874	4.663762	97.743275	4.634693	-0.002120	-0.009982	-0.002303
16459.666389	4.604371	97.474148	4.570167	-0.002257	-0.009852	-0.002452
16486.683903	4.541276	97.208656	4.501617	-0.002393	-0.009714	-0.002600
16513.701418	4.474533	96.947016	4.429104	-0.002526	-0.009568	-0.002744
16540.718932	4.404201	96.689445	4.352692	-0.002657	-0.009414	-0.002887
16567.736447	4.330342	96.436152	4.272447	-0.002786	-0.009253	-0.003027
16594.753962	4.253020	96.187346	4.188441	-0.002912	-0.009084	-0.003164
16621.771476	4.172305	95.943229	4.100748	-0.003036	-0.008907	-0.003299
16648.788991	4.088266	95.704002	4.009444	-0.003157	-0.008724	-0.003430
16675.806505	4.000979	95.469858	3.914610	-0.003276	-0.008533	-0.003559
16702.824020	3.910519	95.240989	3.816329	-0.003391	-0.008335	-0.003684
16729.841535	3.816966	95.017581	3.714689	-0.003504	-0.008130	-0.003806
16756.859049	3.720404	94.799814	3.609778	-0.003613	-0.007919	-0.003925
16783.876564	3.620916	94.587865	3.501689	-0.003719	-0.007701	-0.004041
16810.894078	3.518591	94.381905	3.390517	-0.003822	-0.007478	-0.004153
16837.911593	3.413518	94.182100	3.276360	-0.003922	-0.007248	-0.004261
16864.929108	3.305790	93.988609	3.159319	-0.004018	-0.007012	-0.004365
16891.946622	3.195502	93.801588	3.039496	-0.004110	-0.006771	-0.004466
16918.964137	3.082750	93.621186	2.916997	-0.004199	-0.006524	-0.004562
16945.981651	2.967635	93.447546	2.791930	-0.004285	-0.006273	-0.004655
16972.999166	2.850258	93.280804	2.664405	-0.004366	-0.006016	-0.004743
17000.016681	2.730722	93.121094	2.534534	-0.004444	-0.005755	-0.004828
17027.034195	2.609131	92.968538	2.402432	-0.004517	-0.005489	-0.004908
17054.051710	2.485594	92.823257	2.268214	-0.004587	-0.005218	-0.004984
17081.069224	2.360219	92.685363	2.132000	-0.004653	-0.004944	-0.005055
17108.086739	2.233116	92.554960	1.993909	-0.004714	-0.004666	-0.005122
17135.104254	2.104397	92.432149	1.854062	-0.004772	-0.004385	-0.005184
17162.121768	1.974176	92.317022	1.712583	-0.004825	-0.004100	-0.005242
17189.139283	1.842567	92.209665	1.569596	-0.004874	-0.003812	-0.005296
17216.156797	1.709686	92.110157	1.425227	-0.004919	-0.003522	-0.005344
17243.174312	1.575650	92.018569	1.279603	-0.004959	-0.003228	-0.005388
17270.191827	1.440578	91.934967	1.132853	-0.004995	-0.002933	-0.005427
17297.209341	1.304587	91.859409	0.985105	-0.005027	-0.002636	-0.005462
17324.226856	1.167798	91.791946	0.836490	-0.005054	-0.002336	-0.005491
17351.244370	1.030331	91.732621	0.687139	-0.005077	-0.002036	-0.005516
17378.261885	0.892307	91.681472	0.537182	-0.005095	-0.001734	-0.005536
17405.279399	0.753848	91.638527	0.386753	-0.005109	-0.001431	-0.005551
17432.296914	0.615076	91.603809	0.235983	-0.005118	-0.001128	-0.005561
17459.314429	0.476112	91.577333	0.085006	-0.005123	-0.000824	-0.005566
17486.331943	0.337080	91.559106	-0.066047	-0.005123	-0.000520	-0.005566
17513.349458	0.198101	91.549129	-0.217041	-0.005119	-0.000216	-0.005562
17540.366972	0.059298	91.547395	-0.367844	-0.005110	0.000088	-0.005552
17567.384487	-0.079207	91.553891	-0.518323	-0.005097	0.000391	-0.005538
17594.402002	-0.217293	91.568594	-0.668346	-0.005079	0.000693	-0.005519
17621.419516	-0.354836	91.591477	-0.817781	-0.005057	0.000994	-0.005494
17648.437031	-0.491717	91.622503	-0.966495	-0.005031	0.001293	-0.005466
17675.454545	-0.627814	91.661630	-1.114359	-0.005000	0.001591	-0.005432
17702.472060	-0.763009	91.708807	-1.261242	-0.004964	0.001886	-0.005393
17729.489575	-0.897181	91.763978	-1.407014	-0.004924	0.002180	-0.005350
17756.507089	-1.030213	91.827078	-1.551547	-0.004880	0.002471	-0.005302
17783.524604	-1.161988	91.898036	-1.694715	-0.004832	0.002759	-0.005249
17810.542118	-1.292390	91.976775	-1.836390	-0.004779	0.003044	-0.005192
17837.559633	-1.421304	92.063208	-1.976448	-0.004722	0.003326	-0.005130
17864.577148	-1.548616	92.157245	-2.114767	-0.004661	0.003604	-0.005064
17891.594662	-1.674214	92.258787	-2.251224	-0.004596	0.003879	-0.004993
17918.612177	-1.797988	92.367730	-2.385698	-0.004526	0.004150	-0.004918
17945.629691	-1.919828	92.483960	-2.518072	-0.004453	0.004416	-0.004838
17972.647206	-2.039628	92.607362	-2.648230	-0.004376	0.004678	-0.004754
17999.664721	-2.157283	92.737810	-2.776056	-0.004295	0.004936	-0.004666
18026.682235	-2.272687	92.875174	-2.901437	-0.004210	0.005188	-0.004574
18053.699750	-2.385741	93.019317	-3.024264	-0.004122	0.005435	-0.004478
18080.717264	-2.496343	93.170098	-3.144429	-0.004030	0.005677	-0.004378
18107.734779	-2.604398	93.327367	-3.261825	-0.003934	0.005913	-0.004274
18134.752294	-2.709809	93.490970	-3.376350	-0.003835	0.006144	-0.004166
18161.769808	-2.812484	93.660749	-3.487902	-0.003732	0.006368	-0.004055
18188.787323	-2.912333	93.836538	-3.596383	-0.003626	0.006587	-0.003940
18215.804837	-3.009268	94.018166	-3.701698	-0.003517	0.006799	-0.003822
18242.822352	-3.103202	94.205458	-3.803754	-0.003405	0.007004	-0.003700
18269.839867	-3.194055	94.398234	-3.902461	-0.003290	0.007203	-0.003575
18296.857381	-3.281745	94.596308	-3.997732	-0.003172	0.007395	-0.003447
18323.874896	-3.366196	94.799490	-4.089483	-0.003052	0.007579	-0.003315
18350.892410	-3.447332	95.007586	-4.177634	-0.002928	0.007757	-0.003181
18377.909925	-3.525083	95.220397	-4.262108	-0.002802	0.007927	-0.003044
18404.927440	-3.599381	95.437720	-4.342828	-0.002674	0.008089	-0.002905
18431.944954	-3.670159	95.659348	-4.419725	-0.002543	0.008244	-0.002763
18458.962469	-3.737356	95.885071	-4.492732	-0.002410	0.008391	-0.002618
18485.979983	-3.800912	96.114673	-4.561782	-0.002274	0.008530	-0.002471
18512.997498	-3.860771	96.347938	-4.626816	-0.002137	0.008661	-0.002322
18540.015013	-3.916881	96.584645	-4.687777	-0.001998	0.008784	-0.002171
18567.032527	-3.969192	96.824568	-4.744611	-0.001857	0.008898	-0.002018
18594.050042	-4.017658	97.067483	-4.797268	-0.001715	0.009004	-0.001863
18621.067556	-4.062237	97.313158	-4.845700	-0.001571	0.009102	-0.001706
18648.085071	-4.102889	97.561363	-4.889867	-0.001425	0.009191	-0.001549
18675.102585	-4.139579	97.811863	-4.929729	-0.001279	0.009271	-0.001389
18702.120100	-4.172274	98.064421	-4.965250	-0.001131	0.009342	-0.001229
18729.137615	-4.200945	98.318801	-4.996400	-0.000982	0.009405	-0.001067
18756.155129	-4.225568	98.574763	-5.023151	-0.000833	0.009459	-0.000904
18783.172644	-4.246119	98.832064	-5.045480	-0.000682	0.009504	-0.000741
18810.190158	-4.262583	99.090465	-5.063366	-0.000531	0.009540	-0.000577
18837.207673	-4.274943	99.349720	-5.076795	-0.000380	0.009567	-0.000413
18864.225188	-4.283189	99.609588	-5.085754	-0.000228	0.009585	-0.000248
18891.242702	-4.287314	99.869822	-5.090236	-0.000076	0.009594	-0.000083
18918.260217	-4.287314	100.130178	-5.090236	0.000076	0.009594	0.000083
18945.277731	-4.283189	100.390413	-5.085754	0.000228	0.009585	0.000248
18972.295246	-4.274943	100.650280	-5.076795	0.000380	0.009567	0.000413
18999.312761	-4.262583	100.909535	-5.063366	0.000531	0.009540	0.000577
19026.330275	-4.246119	101.167936	-5.045480	0.000682	0.009504	0.000741
19053.347790	-4.225568	101.425237	-5.023151	0.000833	0.009459	0.000904
19080.365304	-4.200945	101.681199	-4.996400	0.000982	0.009405	0.001067
19107.382819	-4.172274	101.935579	-4.965250	0.001131	0.009342	0.001229
19134.400334	-4.139579	102.188137	-4.929729	0.001279	0.009271	0.001389
19161.417848	-4.102889	102.438637	-4.889867	0.001425	0.009191	0.001549
19188.435363	-4.062237	102.686842	-4.845700	0.001571	0.009102	0.001706
19215.452877	-4.017658	102.932517	-4.797267	0.001715	0.009004	0.001863
19242.470392	-3.969192	103.175432	-4.744611	0.001857	0.008898	0.002018
19269.487907	-3.916881	103.415355	-4.687777	0.001998	0.008784	0.002171
19296.505421	-3.860771	103.652062	-4.626816	0.002137	0.008661	0.002322
19323.522936	-3.800912	103.885327	-4.561782	0.002274	0.008530	0.002471
19350.540450	-3.737356	104.114929	-4.492732	0.002410	0.008391	0.002618
19377.557965	-3.670159	104.340652	-4.419725	0.002543	0.008244	0.002763
19404.575480	-3.599381	104.562280	-4.342828	0.002674	0.008089	0.002905
19431.592994	-3.525083	104.779603	-4.262108	0.002802	0.007927	0.003044
19458.610509	-3.447332	104.992414	-4.177634	0.002928	0.007757	0.003181
19485.628023	-3.366196	105.200510	-4.089483	0.003052	0.007579	0.003315
19512.645538	-3.281745	105.403692	-3.997732	0.003172	0.007395	0.003447
19539.663053	-3.194055	105.601766	-3.902461	0.003290	0.007203	0.003575
19566.680567	-3.103202	105.794542	-3.803754	0.003405	0.007004	0.003700
19593.698082	-3.009268	105.981834	-3.701698	0.003517	0.006799	0.003822
19620.715596	-2.912333	106.163462	-3.596383	0.003626	0.006587	0.003940
19647.733111	-2.812484	106.339251	-3.487902	0.003732	0.006368	0.004055
19674.750626	-2.709809	106.509030	-3.376350	0.003835	0.006144	0.004166
19701.768140	-2.604398	106.672633	-3.261825	0.003934	0.005913	0.004274
19728.785655	-2.496343	106.829902	-3.144429	0.004030	0.005677	0.004378
19755.803169	-2.385740	106.980683	-3.024264	0.004122	0.005435	0.004478
19782.820684	-2.272687	107.124826	-2.901437	0.004210	0.005188	0.004574
19809.838198	-2.157283	107.262190	-2.776055	0.004295	0.004936	0.004666
19836.855713	-2.039628	107.392638	-2.648230	0.004376	0.004678	0.004754
19863.873228	-1.919828	107.516040	-2.518072	0.004453	0.004416	0.004838
19890.890742	-1.797988	107.632271	-2.385698	0.004526	0.004150	0.004918
19917.908257	-1.674214	107.741213	-2.251224	0.004596	0.003879	0.004993
19944.925771	-1.548615	107.842755	-2.114767	0.004661	0.003604	0.005064
19971.943286	-1.421304	107.936792	-1.976448	0.004722	0.003326	0.005130
19998.960801	-1.292390	108.023225	-1.836390	0.004779	0.003044	0.005192
20025.978315	-1.161988	108.101964	-1.694714	0.004832	0.002759	0.005249
20052.995830	-1.030213	108.172922	-1.551547	0.004880	0.002471	0.005302
20080.013344	-0.897181	108.236022	-1.407014	0.004924	0.002180	0.005350
20107.030859	-0.763009	108.291193	-1.261242	0.004964	0.001886	0.005393
20134.048374	-0.627814	108.338370	-1.114359	0.005000	0.001591	0.005432
20161.065888	-0.491717	108.377497	-0.966495	0.005031	0.001293	0.005466
20188.083403	-0.354836	108.408523	-0.817781	0.005057	0.000994	0.005494
20215.100917	-0.217292	108.431406	-0.668346	0.005079	0.000693	0.005519
20242.118432	-0.079207	108.446109	-0.518323	0.005097	0.000391	0.005538
20269.135947	0.059298	108.452605	-0.367844	0.005110	0.000088	0.005552
20296.153461	0.198101	108.450871	-0.217041	0.005119	-0.000216	0.005562
20323.170976	0.337080	108.440894	-0.066047	0.005123	-0.000520	0.005566
20350.188490	0.476112	108.422667	0.085006	0.005123	-0.000824	0.005566
20377.206005	0.615076	108.396191	0.235983	0.005118	-0.001128	0.005561
20404.223520	0.753848	108.361473	0.386753	0.005109	-0.001431	0.005551
20431.241034	0.892307	108.318528	0.537182	0.005095	-0.001734	0.005536
20458.258549	1.030331	108.267379	0.687139	0.005077	-0.002036	0.005516
20485.276063	1.167798	108.208054	0.836490	0.005054	-0.002336	0.005491
20512.293578	1.304587	108.140591	0.985105	0.005027	-0.002636	0.005462
20539.311093	1.440578	108.065033	1.132853	0.004995	-0.002933	0.005427
20566.328607	1.575650	107.981431	1.279603	0.004959	-0.003228	0.005388
20593.346122	1.709686	107.889843	1.425227	0.004919	-0.003522	0.005344
20620.363636	1.842567	107.790335	1.569596	0.004874	-0.003812	0.005296
20647.381151	1.974176	107.682978	1.712583	0.004825	-0.004100	0.005242
20674.398666	2.104397	107.567851	1.854062	0.004772	-0.004385	0.005184
20701.416180	2.233116	107.445040	1.993909	0.004714	-0.004666	0.005122
20728.433695	2.360219	107.314637	2.132000	0.004653	-0.004944	0.005055
20755.451209	2.485594	107.176743	2.268215	0.004587	-0.005218	0.004984
20782.468724	2.609131	107.031462	2.402432	0.004517	-0.005489	0.004908
20809.486239	2.730722	106.878906	2.534534	0.004444	-0.005755	0.004828
20836.503753	2.850258	106.719195	2.664405	0.004366	-0.006016	0.004743
20863.521268	2.967636	106.552454	2.791930	0.004285	-0.006273	0.004655
20890.538782	3.082750	106.378814	2.916997	0.004199	-0.006524	0.004562
20917.556297	3.195502	106.198412	3.039496	0.004110	-0.006771	0.004466
20944.573812	3.305790	106.011391	3.159319	0.004018	-0.007012	0.004365
20971.591326	3.413518	105.817900	3.276361	0.003922	-0.007248	0.004261
20998.608841	3.518591	105.618094	3.390517	0.003822	-0.007478	0.004153
21025.626355	3.620916	105.412134	3.501689	0.003719	-0.007701	0.004041
21052.643870	3.720404	105.200186	3.609778	0.003613	-0.007919	0.003925
21079.661384	3.816966	104.982419	3.714689	0.003504	-0.008130	0.003806
21106.678899	3.910519	104.759011	3.816329	0.003391	-0.008335	0.003684
21133.696414	4.000979	104.530142	3.914610	0.003276	-0.008533	0.003559
21160.713928	4.088266	104.295998	4.009444	0.003157	-0.008724	0.003430
21187.731443	4.172305	104.056771	4.100748	0.003036	-0.008907	0.003299
21214.748957	4.253020	103.812654	4.188441	0.002912	-0.009084	0.003164
21241.766472	4.330342	103.563848	4.272447	0.002786	-0.009253	0.003027
21268.783987	4.404201	103.310555	4.352692	0.002657	-0.009414	0.002887
21295.801501	4.474533	103.052983	4.429104	0.002526	-0.009568	0.002744
21322.819016	4.541276	102.791344	4.501617	0.002393	-0.009714	0.002600
21349.836530	4.604371	102.525852	4.570167	0.002257	-0.009852	0.002452
21376.854045	4.663762	102.256725	4.634693	0.002120	-0.009982	0.002303
21403.871560	4.719398	101.984185	4.695139	0.001980	-0.010104	0.002152
21430.889074	4.771229	101.708455	4.751451	0.001839	-0.010217	0.001998
21457.906589	4.819210	101.429764	4.803580	0.001697	-0.010322	0.001843
21484.924103	4.863298	101.148340	4.851479	0.001553	-0.010418	0.001687
21511.941618	4.903454	100.864417	4.895108	0.001407	-0.010506	0.001529
21538.959133	4.939644	100.578228	4.934426	0.001260	-0.010585	0.001369
21565.976647	4.971836	100.290009	4.969401	0.001112	-0.010656	0.001208
21592.994162	5.000000	100.000000	5.000000	0.000963	-0.010717	0.001047
21620.011676	5.000000	100.000000	5.000000	0.000994	-0.005604	-0.001047
21647.029191	5.029072	99.847091	4.969401	0.001148	-0.005668	-0.001208
21674.046706	5.062300	99.692332	4.934426	0.001301	-0.005740	-0.001369
21701.064220	5.099656	99.535480	4.895108	0.001452	-0.005822	-0.001529
21728.081735	5.141106	99.376288	4.851479	0.001603	-0.005913	-0.001687
21755.099249	5.186614	99.214516	4.803580	0.001751	-0.006012	-0.001843
21782.116764	5.236141	99.049924	4.751451	0.001899	-0.006120	-0.001998
21809.134279	5.289642	98.882275	4.695139	0.002044	-0.006237	-0.002152
21836.151793	5.347070	98.711334	4.634693	0.002188	-0.006363	-0.002303
21863.169308	5.408374	98.536870	4.570167	0.002330	-0.006497	-0.002452
21890.186822	5.473502	98.358653	4.501617	0.002470	-0.006640	-0.002600
21917.204337	5.542395	98.176460	4.429104	0.002607	-0.006790	-0.002744
21944.221852	5.614993	97.990068	4.352692	0.002743	-0.006949	-0.002887
21971.239366	5.691231	97.799259	4.272447	0.002876	-0.007116	-0.003027
21998.256881	5.771043	97.603819	4.188441	0.003006	-0.007290	-0.003164
22025.274395	5.854359	97.403538	4.100748	0.003134	-0.007472	-0.003299
22052.291910	5.941105	97.198211	4.009444	0.003259	-0.007662	-0.003430
22079.309425	6.031204	96.987636	3.914610	0.003381	-0.007859	-0.003559
22106.326939	6.124578	96.771617	3.816329	0.003500	-0.008063	-0.003684
22133.344454	6.221145	96.549961	3.714689	0.003616	-0.008275	-0.003806
22160.361968	6.320818	96.322481	3.609778	0.003729	-0.008493	-0.003925
22187.379483	6.423511	96.088997	3.501689	0.003839	-0.008717	-0.004041
22214.396997	6.529132	95.849330	3.390517	0.003945	-0.008948	-0.004153
22241.414512	6.637590	95.603311	3.276360	0.004048	-0.009185	-0.004261
22268.432027	6.748789	95.350774	3.159319	0.004147	-0.009429	-0.004365
22295.449541	6.862630	95.091558	3.039496	0.004243	-0.009678	-0.004466
22322.467056	6.979013	94.825511	2.916997	0.004335	-0.009932	-0.004562
22349.484570	7.097836	94.552484	2.791930	0.004423	-0.010192	-0.004655
22376.502085	7.218995	94.272335	2.664405	0.004507	-0.010457	-0.004743
22403.519600	7.342382	93.984930	2.534534	0.004587	-0.010727	-0.004828
22430.537114	7.467890	93.690138	2.402432	0.004663	-0.011001	-0.004908
22457.554629	7.595407	93.387838	2.268214	0.004735	-0.011280	-0.004984
22484.572143	7.724821	93.077914	2.132000	0.004803	-0.011563	-0.005055
22511.589658	7.856018	92.760256	1.993909	0.004866	-0.011850	-0.005122
22538.607173	7.988884	92.434762	1.854062	0.004926	-0.012141	-0.005184
22565.624687	8.123300	92.101336	1.712583	0.004981	-0.012435	-0.005242
22592.642202	8.259149	91.759890	1.569596	0.005031	-0.012732	-0.005296
22619.659716	8.396310	91.410343	1.425227	0.005077	-0.013032	-0.005344
22646.677231	8.534664	91.052620	1.279603	0.005119	-0.013334	-0.005388
22673.694746	8.674088	90.686653	1.132853	0.005156	-0.013639	-0.005427
22700.712260	8.814459	90.312384	0.985105	0.005189	-0.013946	-0.005462
22727.729775	8.955655	89.929759	0.836490	0.005217	-0.014255	-0.005491
22754.747289	9.097550	89.538734	0.687139	0.005240	-0.014565	-0.005516
22781.764804	9.240021	89.139270	0.537182	0.005259	-0.014877	-0.005536
22808.782319	9.382940	88.731337	0.386753	0.005274	-0.015189	-0.005551
22835.799833	9.526183	88.314912	0.235983	0.005283	-0.015503	-0.005561
22862.817348	9.669623	87.889980	0.085006	0.005288	-0.015816	-0.005566
22889.834862	9.813135	87.456533	-0.066047	0.005288	-0.016130	-0.005566
22916.852377	9.956591	87.014570	-0.217041	0.005284	-0.016444	-0.005562
22943.869892	10.099865	86.564098	-0.367844	0.005275	-0.016757	-0.005552
22970.887406	10.242832	86.105132	-0.518323	0.005261	-0.017070	-0.005538
22997.904921	10.385366	85.637693	-0.668346	0.005243	-0.017382	-0.005519
23024.922435	10.527340	85.161812	-0.817781	0.005220	-0.017692	-0.005494
23051.939950	10.668630	84.677525	-0.966495	0.005193	-0.018001	-0.005466
23078.957465	10.809112	84.184877	-1.114359	0.005161	-0.018309	-0.005432
23105.974979	10.948662	83.683918	-1.261242	0.005124	-0.018614	-0.005393
23132.992494	11.087157	83.174709	-1.407014	0.005083	-0.018917	-0.005350
23160.010008	11.224474	82.657315	-1.551547	0.005037	-0.019217	-0.005302
23187.027523	11.360495	82.131809	-1.694715	0.004987	-0.019514	-0.005249
23214.045038	11.495097	81.598273	-1.836390	0.004933	-0.019809	-0.005192
23241.062552	11.628163	81.056794	-1.976448	0.004874	-0.020100	-0.005130
23268.080067	11.759577	80.507466	-2.114767	0.004811	-0.020387	-0.005064
23295.097581	11.889221	79.950392	-2.251224	0.004744	-0.020671	-0.004993
23322.115096	12.016982	79.385679	-2.385698	0.004672	-0.020950	-0.004918
23349.132611	12.142748	78.813442	-2.518072	0.004597	-0.021225	-0.004838
23376.150125	12.266407	78.233804	-2.648230	0.004517	-0.021496	-0.004754
23403.167640	12.387852	77.646893	-2.776056	0.004433	-0.021761	-0.004666
23430.185154	12.506974	77.052842	-2.901437	0.004346	-0.022022	-0.004574
23457.202669	12.623669	76.451794	-3.024264	0.004254	-0.022277	-0.004478
23484.220183	12.737835	75.843895	-3.144429	0.004159	-0.022527	-0.004378
23511.237698	12.849371	75.229298	-3.261825	0.004061	-0.022771	-0.004274
23538.255213	12.958178	74.608163	-3.376350	0.003958	-0.023009	-0.004166
23565.272727	13.064161	73.980653	-3.487902	0.003852	-0.023240	-0.004055
23592.290242	13.167226	73.346940	-3.596383	0.003743	-0.023466	-0.003940
23619.307756	13.267283	72.707200	-3.701698	0.003631	-0.023685	-0.003822
23646.325271	13.364244	72.061613	-3.803754	0.003515	-0.023897	-0.003700
23673.342786	13.458023	71.410366	-3.902461	0.003396	-0.024102	-0.003575
23700.360300	13.548538	70.753650	-3.997732	0.003275	-0.024300	-0.003447
23727.377815	13.635709	70.091661	-4.089483	0.003150	-0.024490	-0.003315
23754.395329	13.719460	69.424600	-4.177634	0.003022	-0.024673	-0.003181
23781.412844	13.799716	68.752672	-4.262108	0.002892	-0.024849	-0.003044
23808.430359	13.876407	68.076086	-4.342828	0.002760	-0.025017	-0.002905
23835.447873	13.949465	67.395057	-4.419725	0.002625	-0.025176	-0.002763
23862.465388	14.018826	66.709802	-4.492732	0.002487	-0.025328	-0.002618
23889.482902	14.084430	66.020541	-4.561782	0.002348	-0.025472	-0.002471
23916.500417	14.146217	65.327500	-4.626816	0.002206	-0.025607	-0.002322
23943.517932	14.204135	64.630907	-4.687777	0.002062	-0.025733	-0.002171
23970.535446	14.258131	63.930993	-4.744611	0.001917	-0.025852	-0.002018
23997.552961	14.308159	63.227992	-4.797268	0.001770	-0.025961	-0.001863
24024.570475	14.354174	62.522141	-4.845700	0.001621	-0.026062	-0.001706
24051.587990	14.396136	61.813679	-4.889867	0.001471	-0.026153	-0.001549
24078.605505	14.434007	61.102848	-4.929729	0.001320	-0.026236	-0.001389
24105.623019	14.467755	60.389892	-4.965250	0.001167	-0.026310	-0.001229
24132.640534	14.497350	59.675056	-4.996400	0.001014	-0.026375	-0.001067
24159.658048	14.522766	58.958588	-5.023151	0.000859	-0.026430	-0.000904
24186.675563	14.543980	58.240736	-5.045480	0.000704	-0.026477	-0.000741
24213.693078	14.560973	57.521750	-5.063366	0.000548	-0.026514	-0.000577
24240.710592	14.573732	56.801881	-5.076795	0.000392	-0.026542	-0.000413
24267.728107	14.582243	56.081381	-5.085754	0.000235	-0.026560	-0.000248
24294.745621	14.586501	55.360502	-5.090236	0.000078	-0.026570	-0.000083
24321.763136	14.586501	54.639497	-5.090236	-0.000078	-0.026570	0.000083
24348.780651	14.582243	53.918618	-5.085754	-0.000235	-0.026560	0.000248
24375.798165	14.573732	53.198118	-5.076795	-0.000392	-0.026542	0.000413
24402.815680	14.560973	52.478250	-5.063366	-0.000548	-0.026514	0.000577
24429.833194	14.543980	51.759264	-5.045480	-0.000704	-0.026477	0.000741
24456.850709	14.522766	51.041412	-5.023151	-0.000859	-0.026430	0.000904
24483.868224	14.497350	50.324943	-4.996400	-0.001014	-0.026375	0.001067
24510.885738	14.467755	49.610108	-4.965250	-0.001167	-0.026310	0.001229
24537.903253	14.434007	48.897151	-4.929729	-0.001320	-0.026236	0.001389
24564.920767	14.396136	48.186321	-4.889867	-0.001471	-0.026153	0.001549
24591.938282	14.354174	47.477859	-4.845700	-0.001621	-0.026062	0.001706
24618.955796	14.308159	46.772008	-4.797267	-0.001770	-0.025961	0.001863
24645.973311	14.258131	46.069007	-4.744611	-0.001917	-0.025852	0.002018
24672.990826	14.204135	45.369092	-4.687777	-0.002062	-0.025733	0.002171
24700.008340	14.146217	44.672499	-4.626816	-0.002206	-0.025607	0.002322
24727.025855	14.084430	43.979458	-4.561782	-0.002348	-0.025472	0.002471
24754.043369	14.018826	43.290198	-4.492732	-0.002487	-0.025328	0.002618
24781.060884	13.949465	42.604943	-4.419725	-0.002625	-0.025176	0.002763
24808.078399	13.876407	41.923913	-4.342828	-0.002760	-0.025017	0.002905
24835.095913	13.799716	41.247328	-4.262108	-0.002892	-0.024849	0.003044
24862.113428	13.719460	40.575400	-4.177634	-0.003022	-0.024673	0.003181
24889.130942	13.635709	39.908339	-4.089483	-0.003150	-0.024490	0.003315
24916.148457	13.548538	39.246350	-3.997732	-0.003275	-0.024300	0.003447
24943.165972	13.458023	38.589634	-3.902461	-0.003396	-0.024102	0.003575
24970.183486	13.364244	37.938387	-3.803754	-0.003515	-0.023897	0.003700
24997.201001	13.267283	37.292800	-3.701698	-0.003631	-0.023685	0.003822
25024.218515	13.167226	36.653059	-3.596383	-0.003743	-0.023466	0.003940
25051.236030	13.064161	36.019346	-3.487902	-0.003852	-0.023240	0.004055
25078.253545	12.958178	35.391837	-3.376350	-0.003958	-0.023009	0.004166
25105.271059	12.849370	34.770702	-3.261825	-0.004061	-0.022771	0.004274
25132.288574	12.737835	34.156105	-3.144429	-0.004159	-0.022527	0.004378
25159.306088	12.623669	33.548206	-3.024264	-0.004254	-0.022277	0.004478
25186.323603	12.506974	32.947158	-2.901437	-0.004346	-0.022022	0.004574
25213.341118	12.387852	32.353107	-2.776055	-0.004433	-0.021761	0.004666
25240.358632	12.266407	31.766196	-2.648230	-0.004517	-0.021496	0.004754
25267.376147	12.142748	31.186557	-2.518072	-0.004597	-0.021225	0.004838
25294.393661	12.016982	30.614321	-2.385698	-0.004672	-0.020950	0.004918
25321.411176	11.889221	30.049608	-2.251224	-0.004744	-0.020671	0.004993
25348.428691	11.759577	29.492533	-2.114767	-0.004811	-0.020387	0.005064
25375.446205	11.628163	28.943206	-1.976448	-0.004874	-0.020100	0.005130
25402.463720	11.495097	28.401726	-1.836390	-0.004933	-0.019809	0.005192
25429.481234	11.360495	27.868190	-1.694714	-0.004987	-0.019514	0.005249
25456.498749	11.224474	27.342685	-1.551547	-0.005037	-0.019217	0.005302
25483.516264	11.087157	26.825291	-1.407014	-0.005083	-0.018917	0.005350
25510.533778	10.948662	26.316081	-1.261242	-0.005124	-0.018614	0.005393
25537.551293	10.809112	25.815123	-1.114359	-0.005161	-0.018309	0.005432
25564.568807	10.668630	25.322474	-0.966495	-0.005193	-0.018001	0.005466
25591.586322	10.527340	24.838187	-0.817781	-0.005220	-0.017692	0.005494
25618.603837	10.385366	24.362306	-0.668346	-0.005243	-0.017382	0.005519
25645.621351	10.242832	23.894868	-0.518323	-0.005261	-0.017070	0.005538
25672.638866	10.099865	23.435902	-0.367844	-0.005275	-0.016757	0.005552
25699.656380	9.956591	22.985430	-0.217041	-0.005284	-0.016444	0.005562
25726.673895	9.813134	22.543467	-0.066047	-0.005288	-0.016130	0.005566
25753.691410	9.669623	22.110020	0.085006	-0.005288	-0.015816	0.005566
25780.708924	9.526183	21.685087	0.235983	-0.005283	-0.015503	0.005561
25807.726439	9.382940	21.268663	0.386753	-0.005274	-0.015189	0.005551
25834.743953	9.240020	20.860730	0.537182	-0.005259	-0.014877	0.005536
25861.761468	9.097550	20.461266	0.687139	-0.005240	-0.014565	0.005516
25888.778982	8.955655	20.070240	0.836490	-0.005217	-0.014255	0.005491
25915.796497	8.814459	19.687616	0.985105	-0.005189	-0.013946	0.005462
25942.814012	8.674088	19.313346	1.132853	-0.005156	-0.013639	0.005427
25969.831526	8.534664	18.947380	1.279603	-0.005119	-0.013334	0.005388
25996.849041	8.396310	18.589657	1.425227	-0.005077	-0.013032	0.005344
26023.866555	8.259148	18.240110	1.569596	-0.005031	-0.012732	0.005296
26050.884070	8.123300	17.898664	1.712583	-0.004981	-0.012435	0.005242
26077.901585	7.988884	17.565238	1.854062	-0.004926	-0.012141	0.005184
26104.919099	7.856018	17.239744	1.993909	-0.004866	-0.011850	0.005122
26131.936614	7.724821	16.922086	2.132000	-0.004803	-0.011563	0.005055
26158.954128	7.595407	16.612162	2.268215	-0.004735	-0.011280	0.004984
26185.971643	7.467890	16.309862	2.402432	-0.004663	-0.011001	0.004908
26212.989158	7.342382	16.015070	2.534534	-0.004587	-0.010727	0.004828
26240.006672	7.218995	15.727665	2.664405	-0.004507	-0.010457	0.004743
26267.024187	7.097836	15.447516	2.791930	-0.004423	-0.010192	0.004655
26294.041701	6.979013	15.174489	2.916997	-0.004335	-0.009932	0.004562
26321.059216	6.862630	14.908442	3.039496	-0.004243	-0.009678	0.004466
26348.076731	6.748789	14.649226	3.159319	-0.004147	-0.009429	0.004365
26375.094245	6.637590	14.396689	3.276361	-0.004048	-0.009185	0.004261
26402.111760	6.529132	14.150669	3.390517	-0.003945	-0.008948	0.004153
26429.129274	6.423511	13.911003	3.501689	-0.003839	-0.008717	0.004041
26456.146789	6.320818	13.677518	3.609778	-0.003729	-0.008493	0.003925
26483.164304	6.221145	13.450039	3.714689	-0.003616	-0.008275	0.003806
26510.181818	6.124578	13.228383	3.816329	-0.003500	-0.008063	0.003684
26537.199333	6.031204	13.012364	3.914610	-0.003381	-0.007859	0.003559
26564.216847	5.941105	12.801789	4.009444	-0.003259	-0.007662	0.003430
26591.234362	5.854359	12.596461	4.100748	-0.003134	-0.007472	0.003299
26618.251877	5.771043	12.396181	4.188441	-0.003006	-0.007290	0.003164
26645.269391	5.691231	12.200741	4.272447	-0.002876	-0.007116	0.003027
26672.286906	5.614993	12.009932	4.352692	-0.002743	-0.006949	0.002887
26699.304420	5.542395	11.823540	4.429104	-0.002607	-0.006790	0.002744
26726.321935	5.473502	11.641347	4.501617	-0.002470	-0.006640	0.002600
26753.339450	5.408374	11.463130	4.570167	-0.002330	-0.006497	0.002452
26780.356964	5.347070	11.288666	4.634693	-0.002188	-0.006363	0.002303
26807.374479	5.289642	11.117725	4.695139	-0.002044	-0.006237	0.002152
26834.391993	5.236141	10.950075	4.751451	-0.001899	-0.006120	0.001998
26861.409508	5.186614	10.785483	4.803580	-0.001751	-0.006012	0.001843
26888.427023	5.141106	10.623712	4.851479	-0.001603	-0.005913	0.001687
26915.444537	5.099656	10.464520	4.895108	-0.001452	-0.005822	0.001529
26942.462052	5.062300	10.307668	4.934426	-0.001301	-0.005740	0.001369
26969.479566	5.029072	10.152909	4.969401	-0.001148	-0.005668	0.001208
26996.497081	5.000000	10.000000	5.000000	-0.000994	-0.005604	0.001047
27023.514595	5.000000	10.000000	5.000000	0.014016	-0.010258	0.013757
27050.532110	5.378621	9.710389	5.371044	0.013888	-0.011086	0.013589
27077.549625	5.753596	9.398415	5.737359	0.013747	-0.011906	0.013408
27104.567139	6.124596	9.064304	6.098623	0.013595	-0.012718	0.013216
27131.584654	6.491294	8.708302	6.454517	0.013430	-0.013520	0.013013
27158.602168	6.853367	8.330674	6.804729	0.013254	-0.014311	0.012797
27185.619683	7.210496	7.931704	7.148950	0.013066	-0.015092	0.012571
27212.637198	7.562367	7.511694	7.486877	0.012866	-0.015862	0.012334
27239.654712	7.908670	7.070965	7.818212	0.012656	-0.016619	0.012085
27266.672227	8.249100	6.609858	8.142664	0.012434	-0.017364	0.011826
27293.689741	8.583357	6.128730	8.459948	0.012201	-0.018095	0.011557
27320.707256	8.911148	5.627955	8.769783	0.011957	-0.018812	0.011277
27347.724771	9.232183	5.107926	9.071897	0.011703	-0.019514	0.010988
27374.742285	9.546181	4.569053	9.366024	0.011438	-0.020201	0.010689
27401.759800	9.852863	4.011761	9.651905	0.011164	-0.020871	0.010380
27428.777314	10.151962	3.436493	9.929288	0.010879	-0.021525	0.010063
27455.794829	10.443212	2.843706	10.197930	0.010585	-0.022162	0.009736
27482.812344	10.726358	2.233874	10.457593	0.010282	-0.022782	0.009401
27509.829858	11.001150	1.607484	10.708049	0.009970	-0.023383	0.009057
27536.847373	11.267347	0.965042	10.949078	0.009649	-0.023965	0.008706
27563.864887	11.524715	0.307062	11.180467	0.009319	-0.024528	0.008347
27590.882402	11.773025	-0.365924	11.402013	0.008981	-0.025071	0.007981
27617.899917	12.012061	-1.053371	11.613520	0.008635	-0.025593	0.007607
27644.917431	12.241611	-1.754724	11.814802	0.008282	-0.026095	0.007227
27671.934946	12.461474	-2.469413	12.005683	0.007921	-0.026576	0.006841
27698.952460	12.671455	-3.196858	12.185994	0.007554	-0.027036	0.006448
27725.969975	12.871370	-3.936467	12.355576	0.007180	-0.027473	0.006050
27752.987490	13.061044	-4.687636	12.514280	0.006799	-0.027888	0.005646
27780.005004	13.240308	-5.449754	12.661966	0.006412	-0.028280	0.005238
27807.022519	13.409005	-6.222197	12.798505	0.006020	-0.028649	0.004825
27834.040033	13.566987	-7.004335	12.923775	0.005623	-0.028994	0.004407
27861.057548	13.714115	-7.795527	13.037668	0.005220	-0.029316	0.003986
27888.075063	13.850258	-8.595125	13.140082	0.004813	-0.029614	0.003562
27915.092577	13.975298	-9.402473	13.230927	0.004402	-0.029887	0.003134
27942.110092	14.089123	-10.216910	13.310124	0.003987	-0.030136	0.002703
27969.127606	14.191635	-11.037767	13.377602	0.003568	-0.030360	0.002270
27996.145121	14.282742	-11.864369	13.433302	0.003146	-0.030559	0.001835
28023.162636	14.362364	-12.696037	13.477176	0.002722	-0.030734	0.001398
28050.180150	14.430432	-13.532089	13.509184	0.002295	-0.030882	0.000961
28077.197665	14.486885	-14.371835	13.529299	0.001866	-0.031006	0.000522
28104.215179	14.531673	-15.214586	13.537502	0.001435	-0.031104	0.000083
28131.232694	14.564758	-16.059648	13.533787	0.001003	-0.031176	-0.000357
28158.250209	14.586110	-16.906325	13.518156	0.000570	-0.031223	-0.000795
28185.267723	14.595710	-17.753920	13.490624	0.000137	-0.031244	-0.001234
28212.285238	14.593550	-18.601737	13.451215	-0.000296	-0.031239	-0.001671
28239.302752	14.579632	-19.449076	13.399962	-0.000729	-0.031209	-0.002106
28266.320267	14.553967	-20.295241	13.336913	-0.001162	-0.031153	-0.002540
28293.337781	14.516580	-21.139534	13.262121	-0.001593	-0.031071	-0.002972
28320.355296	14.467501	-21.981262	13.175654	-0.002024	-0.030963	-0.003401
28347.372811	14.406776	-22.819731	13.077586	-0.002452	-0.030831	-0.003827
28374.390325	14.334456	-23.654252	12.968005	-0.002878	-0.030673	-0.004249
28401.407840	14.250607	-24.484139	12.847007	-0.003302	-0.030489	-0.004668
28428.425354	14.155301	-25.308709	12.714698	-0.003722	-0.030281	-0.005083
28455.442869	14.048622	-26.127286	12.571195	-0.004140	-0.030047	-0.005493
28482.460384	13.930666	-26.939196	12.416623	-0.004554	-0.029789	-0.005899
28509.477898	13.801534	-27.743775	12.251121	-0.004963	-0.029507	-0.006299
28536.495413	13.661341	-28.540360	12.074832	-0.005369	-0.029200	-0.006693
28563.512927	13.510211	-29.328301	11.887912	-0.005769	-0.028870	-0.007082
28590.530442	13.348277	-30.106952	11.690527	-0.006165	-0.028516	-0.007465
28617.547957	13.175680	-30.875676	11.482848	-0.006555	-0.028138	-0.007841
28644.565471	12.992574	-31.633844	11.265060	-0.006940	-0.027738	-0.008210
28671.582986	12.799118	-32.380837	11.037355	-0.007318	-0.027315	-0.008572
28698.600500	12.595485	-33.116047	10.799932	-0.007690	-0.026869	-0.008926
28725.618015	12.381852	-33.838875	10.553000	-0.008055	-0.026402	-0.009272
28752.635530	12.158408	-34.548732	10.296777	-0.008413	-0.025914	-0.009611
28779.653044	11.925350	-35.245043	10.031489	-0.008763	-0.025404	-0.009941
28806.670559	11.682882	-35.927242	9.757370	-0.009106	-0.024874	-0.010262
28833.688073	11.431219	-36.594779	9.474659	-0.009441	-0.024323	-0.010574
28860.705588	11.170582	-37.247112	9.183608	-0.009768	-0.023753	-0.010876
28887.723103	10.901200	-37.883718	8.884470	-0.010085	-0.023164	-0.011170
28914.740617	10.623310	-38.504083	8.577511	-0.010395	-0.022556	-0.011453
28941.758132	10.337158	-39.107710	8.263000	-0.010694	-0.021930	-0.011726
28968.775646	10.042995	-39.694116	7.941215	-0.010985	-0.021287	-0.011989
28995.793161	9.741080	-40.262834	7.612437	-0.011266	-0.020627	-0.012241
29022.810676	9.431679	-40.813411	7.276958	-0.011537	-0.019950	-0.012483
29049.828190	9.115064	-41.345410	6.935072	-0.011797	-0.019258	-0.012714
29076.845705	8.791514	-41.858413	6.587080	-0.012048	-0.018550	-0.012933
29103.863219	8.461314	-42.352016	6.233289	-0.012287	-0.017828	-0.013141
29130.880734	8.124755	-42.825833	5.874010	-0.012516	-0.017092	-0.013337
29157.898249	7.782132	-43.279495	5.509560	-0.012734	-0.016343	-0.013522
29184.915763	7.433748	-43.712652	5.140258	-0.012941	-0.015581	-0.013695
29211.933278	7.079910	-44.124970	4.766432	-0.013136	-0.014807	-0.013856
29238.950792	6.720928	-44.516135	4.388409	-0.013320	-0.014022	-0.014004
29265.968307	6.357119	-44.885852	4.006522	-0.013492	-0.013226	-0.014140
29292.985822	5.988803	-45.233842	3.621108	-0.013652	-0.012421	-0.014264
29320.003336	5.616305	-45.559849	3.232506	-0.013800	-0.011606	-0.014375
29347.020851	5.239952	-45.863634	2.841058	-0.013936	-0.010783	-0.014474
29374.038365	4.860076	-46.144978	2.447108	-0.014060	-0.009952	-0.014560
29401.055880	4.477011	-46.403681	2.051004	-0.014171	-0.009114	-0.014633
29428.073394	4.091094	-46.639565	1.653095	-0.014270	-0.008270	-0.014693
29455.090909	3.702666	-46.852471	1.253730	-0.014356	-0.007421	-0.014740
29482.108424	3.312067	-47.042258	0.853261	-0.014430	-0.006567	-0.014774
29509.125938	2.919643	-47.208810	0.452041	-0.014491	-0.005708	-0.014795
29536.143453	2.525739	-47.352027	0.050423	-0.014539	-0.004847	-0.014803
29563.160967	2.130700	-47.471832	-0.351240	-0.014575	-0.003983	-0.014799
29590.178482	1.734876	-47.568169	-0.752593	-0.014597	-0.003117	-0.014781
29617.195997	1.338615	-47.641000	-1.153283	-0.014607	-0.002251	-0.014750
29644.213511	0.942265	-47.690311	-1.552958	-0.014604	-0.001384	-0.014706
29671.231026	0.546175	-47.716106	-1.951266	-0.014588	-0.000518	-0.014649
29698.248540	0.150695	-47.718411	-2.347856	-0.014559	0.000347	-0.014579
29725.266055	-0.243828	-47.697273	-2.742379	-0.014517	0.001210	-0.014497
29752.283570	-0.637046	-47.652759	-3.134488	-0.014463	0.002070	-0.014401
29779.301084	-1.028614	-47.584956	-3.523837	-0.014395	0.002927	-0.014293
29806.318599	-1.418185	-47.493973	-3.910083	-0.014315	0.003779	-0.014173
29833.336113	-1.805418	-47.379938	-4.292887	-0.014223	0.004625	-0.014039
29860.353628	-2.189972	-47.243001	-4.671912	-0.014118	0.005466	-0.013894
29887.371143	-2.571507	-47.083329	-5.046823	-0.014001	0.006301	-0.013736
29914.388657	-2.949689	-46.901114	-5.417291	-0.013871	0.007128	-0.013567
29941.406172	-3.324183	-46.696562	-5.782990	-0.013729	0.007947	-0.013385
29968.423686	-3.694661	-46.469904	-6.143597	-0.013575	0.008757	-0.013191
29995.441201	-4.060796	-46.221386	-6.498795	-0.013409	0.009558	-0.012986
30022.458716	-4.422265	-45.951277	-6.848272	-0.013231	0.010348	-0.012770
30049.476230	-4.778752	-45.659863	-7.191719	-0.013042	0.011128	-0.012542
30076.493745	-5.129941	-45.347448	-7.528835	-0.012841	0.011896	-0.012303
30103.511259	-5.475523	-45.014357	-7.859322	-0.012628	0.012652	-0.012053
30130.528774	-5.815195	-44.660931	-8.182890	-0.012405	0.013395	-0.011793
30157.546289	-6.148657	-44.287529	-8.499254	-0.012171	0.014124	-0.011522
30184.563803	-6.475615	-43.894530	-8.808134	-0.011926	0.014839	-0.011242
30211.581318	-6.795782	-43.482327	-9.109260	-0.011670	0.015539	-0.010951
30238.598832	-7.108876	-43.051332	-9.402366	-0.011404	0.016224	-0.010651
30265.616347	-7.414622	-42.601973	-9.687194	-0.011129	0.016893	-0.010341
30292.633862	-7.712749	-42.134694	-9.963494	-0.010843	0.017545	-0.010022
30319.651376	-8.002996	-41.649955	-10.231021	-0.010548	0.018179	-0.009694
30346.668891	-8.285107	-41.148232	-10.489541	-0.010243	0.018796	-0.009358
30373.686405	-8.558834	-40.630014	-10.738826	-0.009930	0.019395	-0.009014
30400.703920	-8.823935	-40.095806	-10.978656	-0.009608	0.019975	-0.008661
30427.721435	-9.080178	-39.546127	-11.208820	-0.009277	0.020535	-0.008301
30454.738949	-9.327336	-38.981510	-11.429116	-0.008938	0.021076	-0.007934
30481.756464	-9.565192	-38.402501	-11.639350	-0.008591	0.021596	-0.007560
30508.773978	-9.793538	-37.809656	-11.839337	-0.008237	0.022095	-0.007179
30535.791493	-10.012170	-37.203548	-12.028900	-0.007876	0.022574	-0.006792
30562.809008	-10.220898	-36.584757	-12.207872	-0.007507	0.023030	-0.006398
30589.826522	-10.419537	-35.953878	-12.376097	-0.007132	0.023464	-0.006000
30616.844037	-10.607913	-35.311515	-12.533425	-0.006751	0.023876	-0.005595
30643.861551	-10.785859	-34.658281	-12.679719	-0.006364	0.024266	-0.005186
30670.879066	-10.953219	-33.994800	-12.814850	-0.005971	0.024632	-0.004773
30697.896580	-11.109846	-33.321704	-12.938698	-0.005573	0.024974	-0.004355
30724.914095	-11.255602	-32.639635	-13.051155	-0.005169	0.025293	-0.003933
30751.931610	-11.390358	-31.949243	-13.152122	-0.004762	0.025588	-0.003508
30778.949124	-11.513996	-31.251182	-13.241509	-0.004350	0.025858	-0.003080
30805.966639	-11.626406	-30.546116	-13.319238	-0.003934	0.026104	-0.002649
30832.984153	-11.727491	-29.834716	-13.385241	-0.003515	0.026325	-0.002216
30860.001668	-11.817161	-29.117654	-13.439460	-0.003093	0.026521	-0.001780
30887.019183	-11.895336	-28.395612	-13.481846	-0.002668	0.026692	-0.001344
30914.036697	-11.961949	-27.669273	-13.512362	-0.002241	0.026838	-0.000906
30941.054212	-12.016941	-26.939325	-13.530983	-0.001812	0.026958	-0.000467
30968.071726	-12.060262	-26.206460	-13.537690	-0.001381	0.027053	-0.000028
30995.089241	-12.091875	-25.471372	-13.532479	-0.000949	0.027122	0.000412
31022.106756	-12.111753	-24.734755	-13.515353	-0.000516	0.027165	0.000850
31049.124270	-12.119877	-23.997308	-13.486328	-0.000083	0.027183	0.001289
31076.141785	-12.116241	-23.259727	-13.445430	0.000351	0.027175	0.001726
31103.159299	-12.100847	-22.522711	-13.392695	0.000784	0.027141	0.002161
31130.176814	-12.073710	-21.786957	-13.328168	0.001216	0.027082	0.002595
31157.194329	-12.034853	-21.053161	-13.251907	0.001648	0.026997	0.003026
31184.211843	-11.984310	-20.322019	-13.163979	0.002077	0.026887	0.003454
31211.229358	-11.922126	-19.594221	-13.064461	0.002505	0.026751	0.003880
31238.246872	-11.848355	-18.870458	-12.953442	0.002931	0.026589	0.004302
31265.264387	-11.763064	-18.151415	-12.831017	0.003355	0.026403	0.004720
31292.281902	-11.666325	-17.437774	-12.697297	0.003775	0.026191	0.005135
31319.299416	-11.558226	-16.730212	-12.552397	0.004192	0.025955	0.005544
31346.316931	-11.438860	-16.029399	-12.396446	0.004605	0.025694	0.005949
31373.334445	-11.308334	-15.336002	-12.229581	0.005014	0.025408	0.006349
31400.351960	-11.166761	-14.650680	-12.051949	0.005419	0.025099	0.006743
31427.369475	-11.014268	-13.974084	-11.863707	0.005819	0.024765	0.007131
31454.386989	-10.850987	-13.306858	-11.665019	0.006214	0.024408	0.007512
31481.404504	-10.677062	-12.649639	-11.456062	0.006604	0.024028	0.007887
31508.422018	-10.492648	-12.003054	-11.237018	0.006987	0.023624	0.008256
31535.439533	-10.297905	-11.367721	-11.008082	0.007365	0.023198	0.008617
31562.457048	-10.093007	-10.744246	-10.769453	0.007736	0.022750	0.008970
31589.474562	-9.878132	-10.133229	-10.521343	0.008100	0.022280	0.009315
31616.492077	-9.653470	-9.535254	-10.263970	0.008457	0.021789	0.009653
31643.509591	-9.419219	-8.950898	-9.997561	0.008807	0.021277	0.009981
31670.527106	-9.175586	-8.380723	-9.722349	0.009149	0.020744	0.010301
31697.544621	-8.922784	-7.825280	-9.438578	0.009482	0.020191	0.010612
31724.562135	-8.661036	-7.285106	-9.146497	0.009808	0.019619	0.010914
31751.579650	-8.390573	-6.760726	-8.846364	0.010125	0.019027	0.011206
31778.597164	-8.111633	-6.252649	-8.538442	0.010433	0.018417	0.011488
31805.614679	-7.824461	-5.761371	-8.223002	0.010731	0.017789	0.011760
31832.632193	-7.529310	-5.287374	-7.900323	0.011021	0.017144	0.012021
31859.649708	-7.226441	-4.831123	-7.570689	0.011300	0.016481	0.012272
31886.667223	-6.916119	-4.393068	-7.234389	0.011570	0.015802	0.012512
31913.684737	-6.598618	-3.973644	-6.891720	0.011829	0.015108	0.012742
31940.702252	-6.274218	-3.573268	-6.542983	0.012078	0.014399	0.012960
31967.719766	-5.943204	-3.192342	-6.188486	0.012317	0.013675	0.013166
31994.737281	-5.605867	-2.831249	-5.828540	0.012544	0.012937	0.013361
32021.754796	-5.262505	-2.490356	-5.463463	0.012761	0.012186	0.013544
32048.772310	-4.913419	-2.170012	-5.093576	0.012966	0.011423	0.013716
32075.789825	-4.558918	-1.870546	-4.719205	0.013160	0.010647	0.013875
32102.807339	-4.199313	-1.592271	-4.340678	0.013342	0.009861	0.014022
32129.824854	-3.834920	-1.335481	-3.958330	0.013513	0.009064	0.014157
32156.842369	-3.466062	-1.100450	-3.572497	0.013671	0.008257	0.014279
32183.859883	-3.093061	-0.887434	-3.183519	0.013818	0.007441	0.014388
32210.877398	-2.716248	-0.696668	-2.791738	0.013952	0.006617	0.014485
32237.894912	-2.335953	-0.528370	-2.397499	0.014075	0.005786	0.014569
32264.912427	-1.952511	-0.382735	-2.001149	0.014184	0.004947	0.014641
32291.929942	-1.566261	-0.259941	-1.603038	0.014282	0.004102	0.014699
32318.947456	-1.177541	-0.160145	-1.203515	0.014366	0.003252	0.014745
32345.964971	-0.786695	-0.083482	-0.802932	0.014438	0.002397	0.014777
32372.982485	-0.394066	-0.030068	-0.401643	0.014498	0.001539	0.014797
32400.000000	0.000000	0.000000	0.000000	0.014544	0.000677	0.014803

END Ephemeris